1157,1232,1
1157,1191,1
1157,1159,1
1159,1191,1
1144,1159,1
1144,1191,1
1152,1191,1
1105,1295,1
1109,1295,1
1105,1114,1
1109,1115,1
1098,1181,1
1105,1109,1
1098,1164,1
1116,1164,1
1164,1295,1
1232,1295,1
1109,1164,1
1116,1295,1
1109,1232,1
1114,1295,1
1193,1232,1
1109,1193,1
1193,1295,1
1142,1149,1
1098,1114,1
1116,1193,1
1164,1193,1
1105,1164,1
1114,1116,1
1105,1179,1
1105,1232,1
1179,1232,1
1181,1232,1
1164,1232,1
1181,1295,1
1098,1193,1
1105,1193,1
1105,1116,1
1109,1149,1
1149,1232,1
1114,1142,1
1142,1193,1
1114,1193,1
1109,1142,1
1142,1295,1
1116,1142,1
1105,1142,1
1152,1168,1
1152,1193,1
1098,1152,1
1114,1144,1
1114,1152,1
1179,1196,1
1098,1191,1
1098,1157,1
1114,1191,1
1179,1191,1
1157,1168,1
1098,1196,1
1152,1157,1
1193,1196,1
1114,1179,1
1116,1179,1
1179,1365,1
1144,1157,1
1193,1365,1
1179,1320,1
1179,1193,1
1168,1191,1
1157,1193,1
1157,1363,1
1191,1193,1
1157,1374,1
1152,1365,1
1152,1374,1
1152,1374,2
1157,1363,2
1144,1191,2
1144,1159,2
1193,1196,2
1159,1191,2
1116,1393,2
1179,1196,2
1144,1365,2
1144,1157,2
1157,1374,2
1157,1159,2
1144,1168,2
1190,1193,2
1179,1193,2
1152,1365,2
1179,1190,2
1098,1144,2
1098,1159,2
1116,1365,2
1152,1159,2
1152,1191,2
1152,1157,2
1144,1152,2
1157,1191,2
1190,1191,2
1168,1191,2
1144,1179,2
1159,1168,2
1098,1196,2
1098,1193,2
1098,1261,2
1116,1378,2
1191,1193,2
1190,1196,2
1179,1261,2
1196,1393,2
1098,1179,2
1190,1393,2
1193,1305,2
1157,1179,2
1159,1179,2
1098,1116,2
1196,1305,2
1190,1305,2
1193,1352,2
1179,1393,2
1261,1363,2
1144,1377,2
1168,1378,2
1193,1378,2
1196,1378,2
1130,1191,2
1148,1168,2
1190,1378,2
1148,1191,2
1148,1157,2
1130,1157,2
1193,1365,2
1196,1383,2
1116,1190,2
1116,1196,2
1190,1365,2
1193,1374,2
1261,1327,2
1193,1383,2
1157,1365,2
1157,1168,2
1193,1323,2
1179,1378,2
1261,1391,2
1179,1365,2
1116,1320,2
1196,1365,2
1190,1391,2
1193,1399,2
1116,1305,2
1191,1261,2
1193,1261,2
1116,1383,2
1116,1193,2
1190,1261,2
1190,1374,2
1196,1374,2
1179,1327,2
1196,1363,2
1196,1391,2
1116,1193,3
1190,1196,3
1190,1391,3
1193,1365,3
1116,1365,3
1179,1190,3
1193,1393,3
1116,1261,3
1179,1196,3
1193,1305,3
1261,1352,3
1190,1395,3
1196,1395,3
1193,1383,3
1116,1383,3
1190,1377,3
1116,1352,3
1190,1193,3
1193,1196,3
1190,1378,3
1190,1323,3
1196,1323,3
1193,1399,3
1196,1352,3
1196,1261,3
1116,1399,3
1193,1327,3
1365,1393,3
1261,1391,3
1261,1395,3
1261,1374,3
1238,1246,3
1246,1323,3
1246,1378,3
1238,1395,3
1246,1395,3
1246,1327,3
1246,1391,3
1238,1391,3
1246,1399,3
1238,1399,3
1246,1383,3
1238,1383,3
1238,1246,4
1238,1383,4
1246,1383,4
1246,1305,4
1305,1383,4
1246,1352,4
1246,1393,4
1246,1332,4
1238,1393,4
1246,1363,4
1238,1363,4
1246,1365,4
1238,1365,4
1246,1374,4
1238,1327,4
1238,1352,5
1238,1374,5
1238,1305,5
1246,1374,5
1238,1246,5
1246,1365,5
1246,1393,5
1238,1393,5
1246,1305,5
1246,1352,5
1246,1399,5
1246,1391,5
1238,1391,5
1246,1395,5
1246,1378,5
1238,1378,5
1109,1246,5
1114,1181,5
1114,1164,6
1109,1114,6
1164,1181,6
1115,1295,6
1114,1295,6
1181,1295,6
1114,1115,6
1109,1374,6
1109,1378,6
1115,1181,6
1109,1164,6
1109,1115,6
1115,1207,6
1109,1207,6
1114,1207,6
1207,1295,6
1115,1320,6
1115,1374,6
1207,1393,6
1115,1391,6
1109,1295,6
1115,1327,6
1115,1383,6
1115,1399,6
1164,1295,6
1181,1238,6
1295,1378,6
1115,1377,6
1295,1323,6
1115,1378,6
1207,1365,6
1114,1378,6
1115,1164,6
1181,1352,6
1164,1377,6
1207,1352,6
1181,1207,6
1109,1352,6
1114,1323,6
1181,1391,6
1207,1391,6
1164,1395,6
1181,1327,6
1164,1207,6
1207,1395,6
1115,1395,6
1164,1332,6
1207,1377,6
1207,1378,6
1207,1323,6
1115,1365,6
1109,1365,6
1365,1393,6
1207,1373,6
1114,1399,6
1207,1374,6
1109,1399,6
1207,1363,6
1114,1383,6
1164,1363,6
1295,1320,6
1207,1383,6
1207,1305,6
1207,1327,6
1114,1320,6
1164,1373,6
1164,1374,6
1295,1393,6
1114,1393,6
1109,1393,6
1164,1320,6
1098,1207,6
1098,1115,6
1164,1327,6
1157,1164,6
1114,1157,6
1098,1181,6
1098,1164,6
1295,1365,6
1098,1109,6
1098,1114,6
1098,1157,6
1114,1365,6
1144,1157,6
1144,1191,6
1157,1191,6
1144,1148,6
1148,1157,6
1210,1245,6
1295,1305,6
1144,1164,6
1164,1191,6
1181,1191,6
1114,1305,6
1191,1210,6
1191,1245,6
1207,1210,6
1109,1210,6
1295,1383,6
1098,1245,6
1115,1323,6
1098,1210,6
1144,1207,6
1144,1245,6
1098,1159,6
1159,1191,6
1144,1159,6
1157,1159,6
1168,1191,6
1144,1168,6
1100,1108,6
1295,1399,6
1210,1395,6
1164,1210,6
1210,1399,6
1181,1393,6
1148,1159,6
1210,1295,6
1098,1144,6
1114,1210,6
1295,1327,6
1148,1168,6
1114,1245,6
1207,1245,6
1159,1323,6
1148,1191,6
1108,1207,6
1098,1383,6
1168,1207,6
1098,1393,6
1191,1207,6
1207,1332,6
1109,1191,6
1098,1365,6
1109,1157,6
1191,1363,6
1115,1383,7
1164,1191,7
1191,1363,7
1109,1115,7
1191,1207,7
1157,1164,7
1207,1374,7
1181,1327,7
1164,1207,7
1109,1383,7
1164,1363,7
1115,1157,7
1109,1157,7
1207,1363,7
1100,1210,7
1100,1108,7
1098,1159,7
1114,1295,7
1157,1320,7
1164,1374,7
1210,1399,7
1098,1320,7
1148,1159,7
1098,1157,7
1098,1207,7
1098,1164,7
1100,1159,7
1210,1245,7
1098,1374,7
1144,1148,7
1098,1191,7
1144,1191,7
1098,1144,7
1108,1144,7
1108,1181,7
1098,1148,7
1295,1305,7
1210,1393,7
1108,1191,7
1305,1383,7
1115,1210,7
1115,1295,7
1144,1393,7
1098,1210,7
1114,1115,7
1098,1115,7
1191,1374,7
1108,1295,7
1108,1115,7
1114,1245,7
1144,1210,7
1098,1373,7
1109,1114,7
1109,1295,7
1207,1210,7
1115,1207,7
1098,1332,7
1114,1144,7
1164,1210,7
1115,1365,7
1114,1181,7
1114,1164,7
1181,1210,7
1210,1365,7
1181,1393,7
1157,1207,7
1207,1295,7
1144,1159,7
1098,1245,7
1164,1295,7
1207,1332,7
1157,1191,7
1115,1144,7
1114,1365,7
1181,1207,7
1108,1352,7
1164,1181,7
1114,1207,7
1144,1157,7
1144,1164,7
1115,1164,7
1144,1207,7
1159,1191,7
1157,1159,7
1108,1391,7
1191,1210,7
1109,1207,7
1100,1352,7
1207,1383,7
1181,1391,7
1295,1365,7
1109,1365,7
1144,1332,7
1109,1164,7
1191,1332,7
1108,1157,7
1164,1377,7
1098,1391,7
1157,1260,7
1191,1260,7
1115,1191,7
1144,1245,7
1098,1327,7
1100,1383,7
1108,1383,7
1098,1352,7
1144,1377,7
1207,1365,7
1109,1210,7
1148,1164,7
1098,1377,7
1100,1327,7
1108,1327,7
1191,1352,7
1365,1393,7
1164,1327,7
1207,1391,7
1191,1327,7
1210,1378,7
1100,1164,7
1108,1164,7
1100,1109,7
1109,1327,7
1109,1191,7
1207,1352,7
1100,1207,7
1100,1114,7
1164,1245,7
1098,1168,7
1108,1245,7
1191,1365,7
1109,1159,7
1159,1207,7
1114,1157,7
1114,1191,7
1159,1164,7
1114,1260,7
1181,1191,7
1159,1210,7
1108,1159,7
1181,1352,7
1191,1295,7
1108,1363,7
1159,1260,7
1164,1365,7
1144,1295,7
1148,1395,7
1159,1365,7
1148,1377,7
1144,1260,7
1109,1305,7
1098,1114,7
1260,1295,7
1114,1393,7
1168,1191,7
1157,1365,7
1108,1207,7
1164,1260,7
1108,1395,7
1100,1395,7
1377,1395,7
1109,1395,7
1108,1109,7
1098,1109,7
1114,1383,7
1207,1245,7
1260,1365,7
1100,1391,7
1109,1391,7
1210,1391,7
1210,1377,7
1109,1377,7
1210,1395,7
1148,1157,7
1191,1373,7
1108,1365,7
1148,1191,7
1108,1320,7
1207,1395,7
1108,1148,7
1115,1320,7
1115,1260,7
1295,1383,7
1320,1365,7
1115,1395,7
1100,1191,7
1100,1373,7
1098,1365,7
1144,1181,7
1109,1378,7
1109,1181,7
1115,1393,7
1157,1383,7
1114,1210,7
1157,1295,7
1157,1305,7
1260,1383,7
1109,1260,7
1148,1374,7
1245,1295,7
1191,1391,7
1159,1209,7
1148,1391,7
1098,1295,7
1191,1209,7
1148,1209,7
1157,1209,7
1164,1209,7
1207,1209,7
1098,1209,7
1115,1245,7
1245,1260,7
1148,1260,7
1115,1399,7
1207,1399,7
1109,1399,7
1181,1295,7
1098,1378,7
1207,1260,7
1148,1210,7
1114,1377,7
1114,1378,7
1159,1373,7
1295,1378,7
1210,1305,7
1295,1399,7
1114,1399,7
1115,1363,7
1207,1373,7
1207,1393,7
1210,1332,7
1207,1320,7
1109,1245,7
1115,1391,7
1115,1181,7
1109,1144,7
1207,1377,7
1210,1295,7
1207,1323,7
1295,1374,7
1115,1378,7
1191,1395,7
1295,1393,7
1164,1395,7
1245,1307,7
1245,1378,7
1260,1307,7
1115,1179,7
1164,1179,7
1179,1191,7
1114,1179,7
1149,1207,7
1109,1149,7
1149,1179,7
1115,1149,7
1109,1179,7
1114,1148,7
1149,1383,7
1149,1210,7
1148,1295,7
1179,1365,7
1148,1245,7
1179,1391,7
1144,1179,7
1148,1179,7
1179,1395,7
1221,1260,7
1179,1378,7
1168,1221,7
1191,1221,7
1179,1377,7
1159,1221,7
1109,1168,7
1144,1168,7
1149,1295,7
1168,1210,7
1149,1181,7
1168,1245,7
1149,1164,7
1179,1207,7
1179,1207,8
1149,1207,8
1098,1144,8
1114,1164,8
1221,1260,8
1191,1221,8
1114,1207,8
1207,1295,8
1149,1210,8
1144,1168,8
1109,1207,8
1149,1164,8
1164,1210,8
1114,1149,8
1109,1164,8
1149,1295,8
1109,1210,8
1207,1210,8
1114,1210,8
1109,1114,8
1164,1207,8
1114,1179,8
1144,1221,8
1098,1245,8
1168,1221,8
1149,1179,8
1115,1207,8
1115,1164,8
1115,1210,8
1109,1365,8
1115,1149,8
1114,1115,8
1109,1115,8
1098,1164,8
1109,1295,8
1115,1295,8
1164,1168,8
1109,1149,8
1114,1295,8
1159,1221,8
1295,1383,8
1159,1191,8
1191,1260,8
1098,1295,8
1098,1114,8
1245,1295,8
1098,1191,8
1148,1191,8
1098,1149,8
1164,1374,8
1098,1207,8
1098,1109,8
1098,1210,8
1098,1115,8
1164,1352,8
1210,1295,8
1210,1245,8
1164,1295,8
1105,1207,8
1164,1191,8
1114,1245,8
1148,1221,8
1105,1114,8
1105,1295,8
1115,1245,8
1164,1363,8
1105,1149,8
1164,1179,8
1179,1295,8
1105,1205,8
1245,1377,8
1114,1205,8
1164,1245,8
1105,1210,8
1207,1245,8
1202,1210,8
1202,1207,8
1114,1202,8
1109,1202,8
1114,1323,8
1098,1205,8
1105,1196,8
1179,1245,8
1164,1205,8
1149,1159,8
1159,1245,8
1159,1383,8
1245,1383,8
1196,1207,8
1196,1202,8
1098,1159,8
1114,1196,8
1105,1109,8
1149,1202,8
1098,1105,8
1105,1245,8
1149,1196,8
1179,1196,8
1179,1202,8
1105,1164,8
1164,1196,8
1164,1202,8
1196,1245,8
1196,1395,8
1149,1395,8
1159,1168,8
1196,1307,8
1196,1378,8
1168,1209,8
1149,1378,8
1202,1378,8
1245,1362,8
1149,1307,8
1149,1391,8
1144,1260,8
1149,1352,8
1196,1391,8
1202,1391,8
1144,1159,8
1159,1260,8
1149,1365,8
1221,1245,8
1196,1365,8
1202,1365,8
1144,1245,8
1205,1245,8
1105,1159,8
1159,1205,8
1179,1395,8
1202,1374,8
1196,1320,8
1149,1374,8
1179,1378,8
1191,1385,8
1159,1209,8
1168,1210,8
1148,1385,8
1179,1327,8
1179,1210,8
1179,1365,8
1168,1191,8
1149,1205,8
1245,1260,8
1221,1395,8
1191,1245,8
1260,1395,8
1144,1205,8
1179,1363,8
1144,1191,8
1144,1148,8
1191,1196,8
1191,1362,8
1159,1362,8
1260,1307,8
1144,1210,8
1221,1307,8
1105,1144,8
1205,1395,8
1202,1352,8
1202,1327,8
1149,1327,8
1205,1221,8
1144,1149,8
1105,1378,8
1196,1210,8
1205,1385,8
1202,1383,8
1196,1383,8
1179,1221,8
1149,1362,8
1149,1221,8
1221,1362,8
1149,1383,8
1105,1393,8
1205,1210,8
1205,1327,8
1210,1221,8
1168,1385,8
1210,1362,8
1159,1373,8
1159,1210,8
1144,1179,8
1148,1179,8
1149,1245,8
1105,1320,8
1098,1168,8
1179,1191,8
1105,1202,8
1098,1221,8
1159,1179,8
1205,1352,8
1179,1385,8
1210,1385,8
1205,1363,8
1191,1210,8
1105,1383,8
1098,1393,8
1149,1385,8
1098,1196,8
1098,1260,8
1098,1148,8
1148,1260,8
1148,1149,8
1105,1221,8
1148,1395,8
1098,1179,8
1105,1307,8
1148,1365,8
1148,1210,8
1205,1374,8
1149,1363,8
1196,1363,8
1202,1363,8
1105,1179,8
1148,1245,8
1148,1245,9
1149,1365,9
1191,1221,9
1196,1202,9
1210,1245,9
1149,1202,9
1098,1205,9
1098,1144,9
1144,1221,9
1098,1202,9
1144,1191,9
1098,1196,9
1144,1159,9
1149,1245,9
1191,1260,9
1159,1221,9
1149,1196,9
1098,1245,9
1159,1191,9
1221,1260,9
1098,1209,9
1159,1260,9
1105,1307,9
1149,1210,9
1144,1179,9
1098,1221,9
1144,1148,9
1098,1191,9
1149,1168,9
1098,1159,9
1168,1210,9
1191,1245,9
1105,1205,9
1196,1320,9
1149,1179,9
1105,1245,9
1179,1202,9
1179,1196,9
1105,1191,9
1149,1205,9
1105,1144,9
1191,1385,9
1191,1205,9
1191,1196,9
1168,1191,9
1148,1221,9
1148,1260,9
1221,1362,9
1202,1245,9
1105,1202,9
1105,1196,9
1098,1148,9
1098,1149,9
1148,1191,9
1260,1362,9
1196,1221,9
1159,1362,9
1149,1393,9
1202,1393,9
1144,1168,9
1148,1159,9
1179,1365,9
1105,1378,9
1205,1391,9
1105,1149,9
1149,1307,9
1196,1205,9
1196,1352,9
1196,1383,9
1202,1383,9
1105,1383,9
1205,1327,9
1149,1378,9
1179,1378,9
1149,1385,9
1205,1363,9
1159,1202,9
1157,1191,9
1105,1159,9
1179,1205,9
1179,1374,9
1105,1393,9
1149,1363,9
1149,1374,9
1205,1374,9
1105,1362,9
1202,1205,9
1202,1365,9
1196,1365,9
1205,1352,9
1105,1179,9
1179,1320,9
1179,1363,9
1179,1395,9
1196,1374,9
1202,1374,9
1205,1393,9
1196,1363,9
1196,1363,10
1196,1205,10
1105,1393,10
1149,1202,10
1149,1352,10
1202,1352,10
1149,1196,10
1196,1202,10
1149,1205,10
1196,1393,10
1202,1393,10
1205,1385,10
1105,1149,10
1105,1196,10
1149,1391,10
1149,1383,10
1196,1327,10
1202,1362,10
1205,1383,10
1196,1378,10
1205,1352,10
1149,1378,10
1105,1320,10
1205,1307,10
1105,1205,10
1105,1378,10
1149,1385,10
1149,1395,10
1196,1385,10
1196,1395,10
1105,1202,10
1205,1395,10
1365,1393,11
1207,1210,11
1207,1245,11
1115,1295,11
1210,1295,11
1207,1295,11
1181,1207,11
1181,1295,11
1115,1207,11
1181,1245,11
1115,1210,11
1207,1374,11
1245,1295,11
1115,1393,11
1207,1393,11
1210,1393,11
1295,1658,11
1207,1365,11
1207,1658,11
1181,1352,11
1295,1307,11
1207,1352,11
1245,1385,11
1295,1362,11
1210,1374,11
1181,1391,11
1207,1363,11
1295,1383,11
1210,1658,11
1245,1395,11
1245,1658,11
1115,1658,11
1207,1395,11
1115,1395,11
1245,1374,11
1181,1327,11
1207,1378,11
1210,1378,11
1207,1307,11
1210,1307,11
1210,1245,11
1115,1385,11
1295,1320,11
1295,1702,11
1115,1245,11
1115,1320,11
1115,1374,11
1115,1363,11
1115,1365,11
1245,1383,11
1181,1383,11
1115,1702,11
1210,1702,11
1207,1383,11
1115,1391,11
1115,1352,11
1327,1658,11
1181,1658,11
1245,1363,11
1395,1658,11
1385,1658,11
1363,1658,11
1098,1181,11
1098,1658,11
1098,1115,11
1098,1207,11
1295,1365,11
1098,1210,11
1245,1352,11
1245,1391,11
1295,1393,11
1115,1181,11
1181,1210,11
1115,1210,12
1207,1210,12
1115,1207,12
1295,1393,12
1210,1295,12
1115,1295,12
1207,1295,12
1207,1245,12
1181,1207,12
1181,1327,12
1295,1702,12
1181,1245,12
1207,1327,12
1210,1365,12
1115,1320,12
1245,1395,12
1207,1363,12
1365,1393,12
1157,1383,12
1157,1295,12
1207,1374,12
1181,1395,12
1245,1295,12
1181,1295,12
1144,1157,12
1295,1658,12
1098,1658,12
1098,1144,12
1144,1295,12
1115,1144,12
1157,1181,12
1157,1245,12
1144,1245,12
1144,1181,12
1130,1144,12
1144,1260,12
1130,1260,12
1295,1365,12
1130,1157,12
1098,1245,12
1098,1295,12
1157,1260,12
1098,1210,12
1164,1658,12
1207,1373,12
1098,1164,12
1100,1108,12
1245,1385,12
1130,1295,12
1100,1157,12
1260,1295,12
1245,1260,12
1181,1385,12
1115,1658,12
1207,1658,12
1100,1144,12
1207,1393,12
1210,1658,12
1365,1658,12
1144,1209,12
1164,1209,12
1207,1365,12
1157,1164,12
1144,1164,12
1115,1365,12
1207,1395,12
1245,1658,12
1098,1157,12
1115,1378,12
1159,1164,12
1144,1159,12
1295,1378,12
1320,1658,12
1115,1307,12
1210,1378,12
1295,1307,12
1193,1658,12
1207,1385,12
1363,1658,12
1193,1327,12
1245,1391,12
1245,1320,12
1210,1307,12
1115,1245,12
1320,1365,12
1193,1207,12
1193,1295,12
1193,1245,12
1181,1193,12
1159,1209,12
1193,1365,12
1193,1374,12
1207,1378,12
1193,1210,12
1181,1352,12
1115,1702,12
1210,1702,12
1193,1393,12
1327,1658,12
1207,1362,12
1295,1362,12
1157,1159,12
1108,1658,12
1100,1658,12
1164,1245,12
1164,1181,12
1148,1260,12
1181,1210,12
1164,1193,12
1115,1181,12
1115,1327,12
1164,1210,12
1098,1193,12
1164,1207,12
1148,1221,12
1181,1391,12
1148,1702,12
1210,1245,12
1144,1658,12
1115,1157,12
1130,1207,12
1193,1260,12
1352,1658,12
1391,1658,12
1164,1295,12
1108,1164,12
1157,1221,12
1108,1207,12
1144,1193,12
1100,1207,12
1115,1352,12
1100,1210,12
1115,1193,12
1362,1658,12
1159,1193,12
1159,1295,12
1159,1210,12
1159,1207,12
1108,1352,12
1115,1159,12
1210,1327,12
1130,1164,12
1130,1193,12
1159,1181,12
1130,1221,12
1221,1260,12
1100,1193,12
1100,1362,12
1159,1260,12
1130,1159,12
1130,1660,12
1260,1660,12
1157,1363,12
1148,1660,12
1098,1365,12
1108,1362,12
1383,1658,12
1144,1365,12
1144,1207,12
1100,1383,12
1144,1374,12
1098,1207,12
1115,1164,12
1144,1210,12
1098,1115,12
1098,1159,12
1108,1383,12
1193,1769,12
1157,1193,12
1157,1373,12
1144,1148,12
1100,1295,12
1108,1295,12
1100,1702,12
1108,1702,12
1100,1115,12
1164,1365,12
1144,1702,12
1108,1144,12
1159,1702,12
1181,1702,12
1159,1660,12
1144,1221,12
1144,1660,12
1148,1159,12
1157,1702,12
1115,1660,12
1660,1769,12
1100,1164,12
1098,1181,12
1207,1352,12
1098,1260,12
1115,1393,12
1221,1660,12
1260,1373,12
1098,1374,12
1108,1193,12
1164,1260,12
1207,1209,12
1108,1245,12
1100,1245,12
1108,1393,12
1108,1363,12
1245,1374,12
1164,1702,12
1108,1115,12
1100,1159,12
1108,1159,12
1307,1660,12
1193,1363,12
1221,1307,12
1108,1365,12
1098,1108,12
1130,1769,12
1245,1365,12
1157,1374,12
1260,1307,12
1098,1100,12
1144,1393,12
1207,1391,12
1098,1393,12
1108,1157,12
1100,1391,12
1157,1660,12
1100,1395,12
1108,1395,12
1193,1209,12
1115,1209,12
1209,1295,12
1209,1210,12
1100,1365,12
1144,1769,12
1144,1395,12
1100,1395,13
1207,1352,13
1193,1658,13
1181,1352,13
1260,1660,13
1157,1260,13
1181,1207,13
1157,1660,13
1100,1108,13
1130,1769,13
1159,1660,13
1115,1658,13
1210,1658,13
1108,1385,13
1100,1385,13
1157,1307,13
1207,1245,13
1159,1164,13
1115,1164,13
1115,1193,13
1164,1193,13
1193,1210,13
1157,1295,13
1130,1164,13
1159,1295,13
1144,1159,13
1144,1164,13
1157,1164,13
1108,1395,13
1193,1395,13
1157,1221,13
1164,1295,13
1100,1193,13
1181,1245,13
1164,1210,13
1245,1352,13
1164,1658,13
1210,1245,13
1245,1658,13
1295,1307,13
1164,1245,13
1115,1210,13
1164,1393,13
1130,1159,13
1115,1365,13
1193,1295,13
1295,1395,13
1164,1221,13
1164,1260,13
1130,1260,13
1221,1260,13
1130,1221,13
1115,1207,13
1144,1260,13
1193,1327,13
1157,1391,13
1130,1144,13
1144,1365,13
1148,1260,13
1221,1660,13
1164,1181,13
1144,1660,13
1148,1221,13
1144,1193,13
1148,1660,13
1181,1295,13
1207,1295,13
1130,1207,13
1115,1130,13
1164,1207,13
1130,1660,13
1207,1658,13
1193,1207,13
1098,1164,13
1115,1660,13
1115,1181,13
1115,1221,13
1130,1365,13
1115,1260,13
1148,1365,13
1260,1365,13
1207,1365,13
1115,1148,13
1115,1245,13
1115,1320,13
1295,1365,13
1115,1295,13
1295,1320,13
1658,1769,13
1181,1327,13
1295,1658,13
1658,1702,13
1207,1210,13
1295,1702,13
1098,1658,13
1098,1320,13
1115,1327,13
1193,1245,13
1383,1658,13
1098,1374,13
1181,1210,13
1164,1391,13
1157,1352,13
1295,1374,13
1115,1395,13
1245,1307,13
1181,1391,13
1260,1295,13
1295,1660,13
1130,1658,13
1181,1193,13
1210,1307,13
1210,1378,13
1210,1295,13
1130,1157,13
1115,1378,13
1098,1210,13
1098,1144,13
1115,1144,13
1098,1115,13
1144,1210,13
1144,1221,13
1144,1148,13
1144,1245,13
1148,1157,13
1144,1295,13
1144,1658,13
1144,1157,13
1210,1365,13
1245,1391,13
1164,1701,13
1157,1159,13
1207,1221,13
1157,1320,13
1159,1260,13
1148,1295,13
1148,1164,13
1148,1159,13
1179,1207,13
1098,1207,13
1157,1365,13
1179,1658,13
1098,1395,13
1098,1327,13
1115,1157,13
1221,1658,13
1148,1193,13
1130,1295,13
1130,1210,13
1221,1701,13
1295,1391,13
1193,1701,13
1179,1365,13
1179,1702,13
1144,1179,13
1295,1378,13
1144,1702,13
1157,1179,13
1157,1702,13
1179,1378,13
1179,1295,13
1179,1327,13
1179,1210,13
1245,1295,13
1115,1179,13
1157,1383,13
1142,1205,13
1115,1383,13
1148,1701,13
1260,1385,13
1205,1207,13
1179,1205,13
1109,1207,13
1109,1179,13
1109,1142,13
1179,1769,13
1295,1383,13
1142,1207,13
1205,1295,13
1109,1115,13
1327,1395,13
1157,1362,13
1098,1205,13
1109,1205,13
1098,1157,13
1157,1378,13
1109,1210,13
1109,1295,13
1098,1109,13
1098,1179,13
1098,1295,13
1109,1658,13
1159,1769,13
1109,1193,13
1159,1701,13
1157,1658,13
1179,1193,13
1115,1159,13
1159,1179,13
1320,1769,13
1098,1193,13
1142,1210,13
1142,1193,13
1205,1245,13
1365,1769,13
1142,1181,13
1193,1205,13
1157,1207,13
1164,1327,13
1164,1395,13
1142,1658,13
1098,1159,13
1181,1205,13
1159,1362,13
1164,1205,13
1142,1159,13
1164,1365,13
1164,1374,13
1109,1245,13
1193,1374,13
1164,1401,13
1144,1769,13
1193,1401,13
1098,1701,13
1179,1181,13
1109,1320,13
1144,1363,13
1205,1625,13
1193,1365,13
1179,1701,13
1109,1365,13
1179,1625,13
1164,1179,13
1193,1625,13
1157,1181,13
1157,1625,13
1164,1625,13
1098,1260,13
1179,1401,13
1179,1401,14
1164,1205,14
1179,1193,14
1148,1157,14
1179,1625,14
1157,1260,14
1157,1159,14
1205,1625,14
1159,1260,14
1098,1164,14
1144,1157,14
1144,1159,14
1109,1320,14
1142,1193,14
1109,1193,14
1109,1142,14
1148,1701,14
1130,1769,14
1109,1391,14
1144,1221,14
1130,1144,14
1193,1363,14
1157,1221,14
1130,1157,14
1164,1221,14
1130,1159,14
1157,1378,14
1159,1221,14
1130,1221,14
1109,1179,14
1164,1625,14
1159,1164,14
1144,1164,14
1157,1205,14
1157,1164,14
1109,1383,14
1164,1181,14
1148,1159,14
1144,1148,14
1221,1702,14
1148,1625,14
1159,1205,14
1193,1221,14
1109,1221,14
1193,1625,14
1164,1193,14
1142,1221,14
1193,1260,14
1159,1701,14
1221,1625,14
1378,1625,14
1307,1625,14
1205,1385,14
1260,1401,14
1157,1193,14
1109,1205,14
1109,1307,14
1142,1378,14
1109,1625,14
1109,1378,14
1193,1205,14
1109,1164,14
1221,1260,14
1205,1391,14
1164,1378,14
1109,1157,14
1144,1260,14
1164,1769,14
1164,1179,14
1144,1193,14
1148,1193,14
1109,1144,14
1142,1144,14
1362,1625,14
1193,1701,14
1205,1352,14
1159,1625,14
1148,1221,14
1157,1625,14
1401,1625,14
1159,1378,14
1365,1625,14
1164,1401,14
1142,1179,14
1109,1168,14
1164,1168,14
1130,1260,14
1320,1625,14
1142,1205,14
1144,1660,14
1168,1660,14
1221,1660,14
1130,1660,14
1144,1168,14
1109,1352,14
1260,1660,14
1109,1365,14
1157,1352,14
1179,1352,14
1179,1320,14
1168,1221,14
1205,1221,14
1142,1157,14
1109,1416,14
1130,1385,14
1157,1383,14
1221,1416,14
1179,1365,14
1148,1168,14
1148,1260,14
1109,1362,14
1144,1769,14
1142,1625,14
1205,1416,14
1159,1383,14
1142,1385,14
1179,1385,14
1159,1625,15
1109,1179,15
1205,1391,15
1109,1701,15
1179,1391,15
1157,1221,15
1109,1625,15
1142,1320,15
1401,1625,15
1109,1401,15
1179,1625,15
1205,1363,15
1142,1179,15
1109,1205,15
1362,1625,15
1109,1142,15
1307,1625,15
1378,1625,15
1142,1205,15
1205,1625,15
1179,1701,15
1179,1378,15
1179,1205,15
1205,1352,15
1109,1362,15
1205,1385,15
1109,1383,15
1383,1625,15
1109,1702,15
1625,1702,15
1142,1307,15
1205,1378,15
1142,1702,15
1142,1625,15
1109,1365,15
1365,1625,15
1613,1485,15
1205,1485,15
1205,1613,15
1613,1625,15
1142,1485,15
1625,1485,15
1307,1613,16
1307,1485,16
1378,1613,16
1416,1613,16
1613,1701,16
1613,1485,16
1391,1613,16
1391,1485,16
1362,1613,16
1362,1485,16
1383,1613,16
1485,1702,16
1385,1613,16
1352,1485,16
1352,1613,16
1401,1613,16
1401,1485,16
1365,1485,16
1613,1702,16
1613,1625,16
1365,1613,16
1416,1613,17
1416,1485,17
1613,1485,17
1613,1625,17
1352,1485,17
1365,1613,17
1365,1485,17
1363,1485,17
1352,1613,17
1401,1613,17
1401,1485,17
1485,1702,17
1391,1613,17
1391,1485,17
1383,1485,17
1362,1613,17
1362,1485,17
1378,1485,17
1378,1613,17
1307,1613,17
1385,1613,18
1613,1485,18
1205,1210,18
1210,1625,18
1205,1625,18
1193,1658,18
1181,1625,18
1181,1210,18
1193,1210,18
1193,1625,18
1193,1485,18
1115,1295,18
1115,1658,18
1115,1193,18
1193,1613,18
1115,1210,18
1115,1625,18
1365,1658,18
1401,1658,18
1193,1391,18
1391,1658,18
1193,1352,18
1181,1205,18
1210,1658,18
1193,1378,18
1115,1378,18
1295,1625,18
1210,1295,18
1295,1416,18
1307,1625,18
1295,1307,18
1193,1416,18
1210,1378,18
1181,1701,18
1295,1658,18
1625,1658,18
1378,1625,18
1193,1205,18
1362,1625,18
1205,1295,18
1295,1701,18
1115,1307,18
1210,1307,18
1193,1385,18
1205,1769,18
1193,1401,18
1205,1658,18
1363,1460,18
1658,1701,18
1181,1391,18
1181,1193,18
1193,1460,18
1115,1701,18
1205,1460,18
1115,1385,18
1210,1383,18
1401,1625,18
1295,1401,18
1210,1401,18
1193,1295,18
1210,1702,18
1295,1702,18
1181,1658,18
1378,1658,18
1385,1658,18
1181,1352,18
1205,1535,18
1115,1190,18
1535,1658,18
1193,1535,18
1157,1221,18
1115,1535,18
1098,1193,18
1098,1210,18
1295,1378,18
1157,1383,18
1098,1157,18
1098,1205,18
1157,1205,18
1157,1210,18
1157,1193,18
1115,1157,18
1115,1181,18
1190,1385,18
1098,1115,18
1157,1295,18
1115,1365,18
1157,1378,18
1157,1625,18
1098,1181,18
1130,1221,18
1193,1363,18
1148,1260,18
1098,1625,18
1148,1221,18
1221,1260,18
1157,1660,18
1098,1295,18
1168,1660,18
1190,1210,18
1168,1181,18
1295,1362,18
1157,1181,18
1157,1168,18
1190,1193,18
1157,1260,18
1157,1209,18
1159,1168,18
1181,1416,18
1190,1658,18
1190,1260,18
1164,1205,18
1164,1658,18
1164,1181,18
1115,1401,18
1295,1383,18
1098,1164,18
1164,1260,18
1100,1108,18
1205,1385,18
1164,1209,18
1164,1168,18
1383,1625,18
1157,1164,18
1625,1702,18
1157,1159,18
1365,1401,18
1210,1365,18
1115,1210,19
1159,1168,19
1193,1391,19
1115,1365,19
1401,1625,19
1210,1365,19
1164,1168,19
1295,1625,19
1181,1205,19
1210,1295,19
1115,1295,19
1115,1625,19
1210,1625,19
1365,1625,19
1295,1365,19
1115,1193,19
1193,1210,19
1210,1658,19
1115,1658,19
1193,1295,19
1210,1391,19
1460,1658,19
1205,1210,19
1210,1701,19
1190,1210,19
1181,1193,19
1190,1205,19
1181,1701,19
1100,1108,19
1098,1157,19
1098,1221,19
1108,1164,19
1157,1260,19
1209,1260,19
1098,1260,19
1098,1209,19
1193,1205,19
1157,1221,19
1148,1157,19
1365,1658,19
1159,1221,19
1130,1221,19
1148,1221,19
1148,1159,19
1159,1378,19
1148,1260,19
1221,1260,19
1100,1164,19
1159,1260,19
1157,1164,19
1100,1157,19
1130,1159,19
1295,1401,19
1164,1260,19
1098,1130,19
1205,1295,19
1625,1658,19
1205,1352,19
1098,1295,19
1210,1352,19
1130,1157,19
1130,1260,19
1157,1295,19
1157,1625,19
1157,1193,19
1130,1193,19
1157,1365,19
1100,1658,19
1100,1295,19
1130,1365,19
1159,1625,19
1164,1625,19
1190,1385,19
1115,1701,19
1193,1365,19
1115,1391,19
1115,1130,19
1164,1295,19
1100,1625,19
1098,1164,19
1100,1144,19
1144,1260,19
1168,1385,19
1144,1164,19
1144,1625,19
1144,1365,19
1168,1190,19
1144,1148,19
1144,1295,19
1144,1221,19
1181,1769,19
1148,1181,19
1193,1260,19
1181,1210,19
1210,1260,19
1148,1210,19
1210,1769,19
1159,1365,19
1164,1205,19
1193,1362,19
1383,1702,19
1205,1625,19
1148,1193,19
1210,1383,19
1168,1525,19
1168,1658,19
1525,1658,19
1210,1702,19
1525,1535,19
1260,1460,19
1164,1221,19
1098,1625,19
1295,1378,19
1378,1625,19
1190,1193,19
1115,1190,19
1115,1383,19
1164,1190,19
1100,1205,19
1130,1210,19
1157,1210,19
1210,1221,19
1115,1157,19
1157,1383,19
1190,1365,19
1190,1460,19
1164,1658,19
1658,1701,19
1130,1769,19
1181,1190,19
1307,1625,19
1157,1159,19
1210,1362,19
1115,1221,19
1159,1210,19
1391,1658,19
1190,1260,19
1164,1181,19
1098,1115,19
1352,1658,19
1098,1193,19
1108,1115,19
1108,1181,19
1193,1378,19
1157,1401,19
1108,1193,19
1108,1362,19
1130,1658,19
1658,1769,19
1115,1205,19
1221,1401,19
1148,1460,19
1260,1365,19
1144,1159,19
1159,1391,19
1130,1190,19
1658,1702,19
1108,1157,19
1193,1625,19
1098,1391,19
1164,1193,19
1205,1391,19
1098,1701,19
1144,1658,19
1115,1164,19
1108,1352,19
1144,1157,19
1159,1701,19
1190,1658,19
1144,1210,19
1144,1391,19
1144,1205,19
1098,1144,19
1130,1144,19
1130,1295,19
1190,1221,19
1383,1658,19
1098,1352,19
1098,1108,19
1362,1625,19
1108,1144,19
1157,1168,19
1098,1769,19
1144,1209,19
1108,1148,19
1295,1362,19
1098,1460,19
1209,1391,19
1164,1210,19
1221,1365,19
1098,1190,19
1157,1702,19
1115,1181,19
1190,1295,19
1190,1209,19
1205,1460,19
1181,1295,19
1221,1295,19
1205,1221,19
1221,1625,19
1159,1209,19
1130,1164,19
1157,1209,19
1159,1193,19
1159,1164,19
1159,1295,19
1115,1159,19
1295,1658,19
1130,1378,19
1098,1401,19
1157,1362,19
1098,1702,19
1205,1658,19
1181,1658,19
1098,1210,19
1098,1658,19
1098,1362,19
1098,1378,19
1221,1378,19
1157,1658,19
1098,1416,19
1260,1378,19
1148,1378,19
1181,1625,19
1157,1205,19
1098,1148,19
1193,1658,19
1159,1658,19
1144,1193,19
1164,1469,19
1193,1469,19
1157,1378,19
1193,1416,19
1190,1469,19
1205,1416,19
1148,1658,19
1157,1181,19
1144,1378,19
1157,1190,19
1181,1391,19
1190,1625,19
1130,1460,19
1383,1625,19
1295,1383,19
1115,1460,19
1168,1210,19
1181,1352,19
1401,1658,19
1625,1702,19
1193,1401,19
1157,1352,19
1221,1469,19
1164,1383,19
1115,1148,19
1157,1391,19
1115,1144,19
1144,1190,19
1164,1365,19
1157,1181,20
1098,1115,20
1295,1625,20
1098,1193,20
1221,1469,20
1115,1193,20
1295,1307,20
1307,1625,20
1157,1168,20
1193,1205,20
1098,1205,20
1295,1378,20
1115,1205,20
1378,1625,20
1130,1260,20
1164,1190,20
1157,1701,20
1098,1164,20
1164,1193,20
1164,1205,20
1190,1232,20
1193,1232,20
1190,1193,20
1098,1232,20
1098,1190,20
1295,1365,20
1115,1190,20
1193,1625,20
1098,1625,20
1098,1295,20
1190,1295,20
1115,1295,20
1115,1625,20
1181,1295,20
1098,1181,20
1181,1193,20
1181,1625,20
1232,1295,20
1193,1295,20
1130,1157,20
1232,1625,20
1130,1221,20
1205,1295,20
1115,1232,20
1205,1625,20
1157,1221,20
1098,1157,20
1190,1625,20
1232,1460,20
1098,1221,20
1232,1365,20
1142,1205,20
1144,1157,20
1159,1365,20
1144,1221,20
1159,1221,20
1130,1144,20
1144,1159,20
1157,1159,20
1190,1205,20
1142,1190,20
1232,1378,20
1295,1383,20
1115,1181,20
1157,1373,20
1295,1362,20
1181,1205,20
1181,1352,20
1205,1352,20
1157,1205,20
1115,1365,20
1142,1295,20
1261,1625,20
1159,1373,20
1190,1202,20
1144,1625,20
1098,1202,20
1098,1144,20
1202,1295,20
1144,1202,20
1164,1658,20
1144,1193,20
1144,1164,20
1164,1625,20
1144,1295,20
1164,1261,20
1098,1261,20
1202,1625,20
1181,1202,20
1144,1181,20
1159,1181,20
1159,1261,20
1130,1159,20
1193,1365,20
1159,1460,20
1148,1157,20
1181,1261,20
1205,1658,20
1142,1658,20
1193,1658,20
1164,1232,20
1181,1658,20
1373,1769,20
1144,1205,20
1144,1658,20
1164,1295,20
1144,1469,20
1190,1658,20
1202,1378,20
1193,1202,20
1232,1658,20
1142,1181,20
1159,1164,20
1142,1202,20
1164,1181,20
1164,1202,20
1142,1164,20
1164,1460,20
1202,1702,20
1202,1365,20
1142,1365,20
1157,1164,20
1202,1352,20
1144,1378,20
1383,1702,20
1190,1547,20
1202,1469,20
1164,1221,20
1157,1190,20
1209,1221,20
1130,1547,20
1098,1159,20
1130,1202,20
1190,1261,20
1130,1168,20
1202,1261,20
1157,1261,20
1232,1702,20
1209,1769,20
1209,1378,20
1221,1525,20
1164,1525,20
1142,1232,20
1164,1547,20
1130,1164,20
1164,1190,21
1164,1547,21
1157,1221,21
1159,1221,21
1142,1202,21
1130,1164,21
1190,1547,21
1130,1547,21
1202,1469,21
1098,1164,21
1098,1547,21
1202,1221,21
1144,1547,21
1142,1261,21
1221,1469,21
1130,1232,21
1221,1261,21
1159,1164,21
1164,1221,21
1144,1157,21
1144,1221,21
1144,1164,21
1142,1391,21
1164,1261,21
1157,1159,21
1261,1701,21
1159,1460,21
1157,1190,21
1157,1164,21
1164,1202,21
1261,1352,21
1130,1157,21
1130,1202,21
1130,1159,21
1157,1202,21
1142,1190,21
1190,1202,21
1190,1232,21
1202,1362,21
1202,1383,21
1202,1378,21
1142,1401,21
1202,1769,21
1142,1769,21
1144,1232,21
1130,1221,21
1130,1144,21
1261,1460,21
1221,1362,21
1221,1378,21
1142,1547,21
1202,1547,21
1144,1159,21
1098,1144,21
1202,1365,21
1142,1352,21
1157,1168,21
1202,1352,21
1261,1469,21
1365,1401,21
1261,1416,21
1232,1547,21
1144,1469,21
1232,1383,21
1144,1168,21
1202,1401,21
1142,1383,21
1202,1232,21
1232,1378,21
1202,1702,21
1142,1702,21
1261,1769,21
1202,1416,21
1202,1460,21
1232,1702,21
1142,1701,21
1232,1391,21
1142,1232,21
1202,1391,21
1142,1261,22
1142,1202,22
1202,1401,22
1142,1460,22
1202,1261,22
1202,1460,22
1232,1378,22
1202,1702,22
1202,1362,22
1202,1232,22
1261,1416,22
1142,1416,22
1202,1784,22
1261,1352,22
1142,1485,22
1261,1485,22
1460,1485,22
1469,1485,22
1378,1485,22
1307,1485,22
1391,1485,22
1383,1485,22
1352,1485,22
1485,1702,23
1460,1784,23
1485,1784,23
1460,1485,23
1485,1547,23
1307,1485,23
1416,1485,23
1469,1485,24
1416,1485,24
1485,1547,24
1365,1485,24
1401,1485,24
1352,1485,24
1383,1485,24
1391,1485,24
1383,1485,25
1190,1485,25
1109,1210,25
1205,1210,25
1205,1485,25
1210,1658,25
1115,1210,25
1115,1658,25
1115,1295,25
1109,1115,25
1109,1469,25
1181,1205,25
1115,1469,25
1205,1352,25
1460,1658,25
1115,1181,25
1109,1205,25
1181,1352,25
1109,1460,25
1205,1460,25
1109,1658,25
1115,1190,25
1181,1210,25
1190,1205,25
1181,1190,25
1190,1210,25
1109,1190,25
1210,1295,25
1205,1295,25
1115,1205,25
1210,1784,25
1210,1362,25
1115,1362,25
1295,1629,25
1378,1629,25
1295,1378,25
1205,1469,25
1115,1383,25
1181,1391,25
1629,1658,25
1190,1416,25
1115,1460,25
1109,1416,25
1109,1629,25
1190,1629,25
1307,1629,25
1190,1295,25
1109,1295,25
1210,1391,25
1210,1383,25
1109,1378,25
1205,1629,25
1115,1629,25
1210,1629,25
1401,1658,25
1115,1401,25
1295,1362,25
1362,1629,25
1115,1702,25
1190,1307,25
1181,1629,25
1383,1629,25
1109,1307,25
1295,1383,25
1205,1784,25
1210,1401,25
1205,1658,25
1115,1391,25
1115,1352,25
1190,1378,25
1190,1658,25
1109,1383,25
1378,1658,25
1525,1535,25
1535,1658,25
1098,1525,25
1109,1535,25
1181,1535,25
1205,1535,25
1098,1210,25
1098,1190,25
1098,1109,25
1098,1181,25
1098,1629,25
1130,1157,25
1157,1181,25
1295,1547,25
1547,1629,25
1157,1205,25
1157,1629,25
1181,1671,25
1098,1671,25
1157,1295,25
1157,1784,25
1157,1260,25
1365,1629,25
1115,1149,25
1114,1260,25
1149,1196,25
1114,1629,25
1109,1149,25
1149,1181,25
1109,1181,25
1196,1658,25
1149,1660,25
1295,1365,25
1149,1152,25
1152,1209,25
1547,1658,25
1098,1114,25
1196,1210,25
1401,1629,25
1152,1157,25
1109,1196,25
1365,1401,25
1295,1784,25
1115,1196,25
1114,1149,25
1196,1629,25
1149,1190,25
1149,1210,25
1295,1702,25
1190,1196,25
1149,1658,25
1114,1210,25
1295,1401,25
1115,1547,25
1109,1352,25
1210,1547,25
1629,1702,25
1115,1210,26
1149,1196,26
1210,1629,26
1115,1629,26
1210,1547,26
1115,1547,26
1109,1352,26
1547,1629,26
1098,1671,26
1295,1629,26
1149,1295,26
1149,1629,26
1196,1469,26
1196,1205,26
1152,1157,26
1149,1391,26
1114,1629,26
1157,1660,26
1114,1152,26
1157,1260,26
1130,1260,26
1130,1157,26
1149,1152,26
1114,1149,26
1152,1196,26
1149,1157,26
1157,1629,26
1114,1196,26
1401,1629,26
1114,1157,26
1157,1295,26
1260,1629,26
1205,1469,26
1295,1307,26
1307,1629,26
1115,1190,26
1109,1115,26
1109,1114,26
1109,1196,26
1144,1196,26
1144,1149,26
1149,1658,26
1378,1629,26
1109,1157,26
1109,1469,26
1149,1260,26
1108,1115,26
1196,1460,26
1149,1460,26
1157,1205,26
1114,1295,26
1114,1658,26
1157,1784,26
1260,1460,26
1109,1190,26
1108,1205,26
1108,1114,26
1144,1210,26
1144,1629,26
1149,1190,26
1144,1152,26
1196,1658,26
1157,1210,26
1114,1144,26
1109,1205,26
1109,1210,26
1190,1210,26
1149,1416,26
1108,1157,26
1144,1260,26
1130,1144,26
1210,1365,26
1144,1205,26
1115,1260,26
1152,1205,26
1295,1378,26
1130,1547,26
1365,1401,26
1115,1205,26
1190,1365,26
1157,1373,26
1115,1157,26
1260,1469,26
1109,1144,26
1181,1671,26
1098,1658,26
1181,1658,26
1098,1109,26
1109,1658,26
1144,1157,26
1144,1658,26
1098,1144,26
1098,1181,26
1144,1671,26
1098,1115,26
1210,1260,26
1115,1365,26
1114,1260,26
1181,1210,26
1144,1660,26
1190,1671,26
1114,1671,26
1114,1210,26
1130,1295,26
1130,1629,26
1144,1295,26
1144,1190,26
1115,1401,26
1660,1784,26
1260,1660,26
1295,1658,26
1629,1658,26
1190,1196,26
1190,1205,26
1115,1702,26
1196,1210,26
1108,1210,26
1109,1769,26
1260,1784,26
1210,1702,26
1205,1210,26
1130,1660,26
1190,1701,26
1190,1784,26
1157,1352,26
1205,1784,26
1109,1629,26
1401,1660,26
1168,1260,26
1130,1401,26
1209,1629,26
1190,1209,26
1115,1416,26
1157,1209,26
1181,1190,26
1181,1209,26
1157,1181,26
1157,1671,26
1391,1671,26
1196,1209,26
1098,1157,26
1181,1391,26
1260,1401,26
1157,1190,26
1190,1391,26
1098,1190,26
1115,1295,26
1210,1295,26
1260,1295,26
1295,1660,26
1149,1210,26
1115,1196,26
1115,1149,26
1157,1391,26
1109,1149,26
1629,1660,26
1196,1295,26
1365,1629,26
1115,1209,26
1130,1209,26
1130,1210,26
1130,1196,26
1149,1365,26
1115,1130,26
1114,1365,26
1295,1401,26
1130,1190,26
1196,1260,26
1190,1260,26
1205,1295,26
1196,1365,26
1365,1658,26
1149,1205,26
1260,1658,26
1149,1378,26
1108,1295,26
1115,1378,26
1196,1378,26
1108,1629,26
1114,1401,26
1190,1295,26
1547,1658,26
1144,1365,26
1658,1784,26
1098,1391,26
1295,1383,26
1109,1295,26
1157,1701,26
1114,1115,26
1196,1307,26
1114,1307,26
1115,1307,26
1307,1378,26
1149,1307,26
1157,1196,26
1190,1629,26
1115,1144,26
1109,1391,26
1196,1629,26
1149,1671,26
1629,1671,26
1295,1671,26
1181,1295,26
1149,1181,26
1130,1149,26
1115,1660,26
1109,1701,26
1130,1205,26
1365,1660,26
1210,1658,26
1205,1629,26
1108,1149,26
1149,1702,26
1108,1702,26
1114,1702,26
1383,1629,26
1157,1702,26
1108,1260,26
1629,1702,26
1295,1702,26
1157,1378,26
1307,1660,26
1295,1547,26
1205,1658,26
1181,1629,26
1108,1391,26
1660,1702,26
1181,1205,26
1114,1130,26
1383,1660,26
1144,1702,26
1115,1658,26
1114,1416,26
1190,1658,26
1658,1702,26
1190,1547,26
1115,1383,26
1109,1181,26
1148,1260,26
1245,1295,26
1205,1769,26
1149,1660,26
1210,1701,26
1098,1295,26
1098,1629,26
1469,1658,26
1378,1658,26
1190,1378,26
1373,1769,26
1205,1352,26
1114,1190,26
1114,1168,26
1144,1469,26
1115,1181,26
1098,1149,26
1098,1660,26
1210,1660,26
1098,1260,26
1098,1148,26
1547,1629,27
1114,1295,27
1190,1210,27
1181,1352,27
1098,1629,27
1148,1149,27
1205,1352,27
1109,1115,27
1181,1205,27
1148,1260,27
1098,1149,27
1149,1629,27
1260,1469,27
1149,1295,27
1114,1149,27
1115,1149,27
1144,1148,27
1098,1365,27
1098,1378,27
1109,1149,27
1378,1629,27
1365,1629,27
1149,1232,27
1205,1629,27
1181,1629,27
1098,1232,27
1157,1629,27
1144,1157,27
1115,1232,27
1109,1232,27
1469,1660,27
1144,1629,27
1098,1205,27
1098,1109,27
1109,1205,27
1098,1115,27
1142,1232,27
1144,1260,27
1157,1260,27
1115,1629,27
1109,1629,27
1232,1629,27
1295,1629,27
1205,1295,27
1114,1168,27
1181,1295,27
1148,1660,27
1144,1660,27
1535,1629,27
1098,1295,27
1115,1295,27
1115,1142,27
1157,1660,27
1295,1383,27
1383,1629,27
1114,1260,27
1109,1142,27
1232,1401,27
1114,1181,27
1232,1769,27
1114,1205,27
1098,1142,27
1232,1295,27
