145,57,1
140,173,1
145,58,1
99,60,1
24,153,1
140,78,1
140,82,1
163,128,1
140,157,1
63,163,1
167,103,1
92,9,1
145,27,1
178,147,1
163,94,1
92,123,1
63,167,1
124,103,1
145,51,1
92,38,1
124,95,1
63,146,1
51,66,1
140,56,1
66,128,1
145,82,1
60,99,1
169,155,1
145,111,1
145,163,1
60,165,1
145,147,1
60,162,1
60,169,1
163,27,1
145,105,1
145,107,1
137,56,1
145,146,1
63,58,1
178,82,1
167,33,1
114,123,2
114,110,2
114,169,2
114,65,2
114,155,2
114,38,2
114,112,2
114,112,3
114,155,3
112,114,3
114,160,3
114,22,3
112,65,3
112,145,3
114,11,3
123,114,3
114,110,3
114,169,3
114,65,3
114,145,3
114,123,4
114,160,4
114,112,4
114,65,4
114,145,4
114,50,4
114,155,4
114,38,4
114,169,4
114,29,4
114,22,4
114,110,4
114,155,5
114,169,5
114,22,6
114,169,6
114,155,6
114,38,6
114,65,6
114,65,7
114,155,7
65,160,8
155,145,8
114,169,8
22,65,8
65,22,8
65,38,8
169,114,8
107,114,8
114,112,8
169,46,8
112,65,8
114,165,8
169,165,8
114,107,8
38,11,8
155,114,8
114,38,8
38,65,8
169,110,8
114,110,8
169,155,8
38,112,8
38,114,8
160,22,8
112,114,8
155,110,8
155,169,8
114,155,8
160,22,9
114,38,9
155,114,9
169,6,9
114,112,9
114,169,9
38,11,9
169,165,9
114,107,9
155,110,9
114,155,9
114,165,9
107,114,9
169,110,9
169,155,9
50,167,9
112,107,9
38,96,9
114,110,9
145,128,9
169,114,9
114,160,10
160,22,10
169,165,10
107,51,10
169,38,10
160,65,10
107,114,10
145,51,10
160,114,10
114,165,10
155,114,10
165,155,10
169,155,10
29,49,10
145,112,10
155,169,10
29,160,10
38,112,10
38,96,10
29,65,10
114,155,10
155,110,10
17,22,10
114,169,10
114,38,10
155,165,10
169,110,10
38,145,10
38,11,10
114,65,10
29,22,10
114,107,10
114,110,10
169,114,10
114,160,11
169,107,11
38,112,11
114,107,11
169,155,11
38,96,11
114,38,11
169,165,11
155,114,11
38,65,11
114,165,11
169,110,11
169,11,11
38,11,11
114,65,11
157,155,11
17,22,11
22,65,11
65,22,11
107,114,11
169,114,11
114,169,11
169,82,11
112,38,11
155,110,11
29,22,11
114,155,11
50,167,11
169,38,11
114,112,11
17,26,11
29,160,11
165,155,11
155,169,11
114,110,11
38,145,11
29,65,11
155,165,11
107,114,12
169,114,12
114,38,12
169,160,12
114,65,12
169,65,12
114,107,12
165,155,12
114,29,12
169,110,12
169,22,12
114,169,12
169,29,12
169,38,12
112,160,12
155,114,12
169,107,12
155,169,12
112,65,12
114,165,12
114,110,12
155,165,12
114,22,12
169,155,12
22,65,12
38,11,12
38,65,12
38,112,12
38,114,12
146,163,12
50,22,12
146,58,12
155,110,12
50,33,12
114,155,12
145,112,12
114,160,12
95,27,12
95,145,12
163,109,12
169,165,12
22,143,12
169,163,12
145,51,13
107,114,13
114,145,13
38,65,13
63,146,13
63,58,13
110,169,13
114,112,13
114,110,13
112,114,13
169,114,13
155,165,13
169,107,13
169,160,13
112,38,13
38,112,13
169,65,13
114,169,13
145,112,13
112,65,13
107,169,13
155,78,13
155,169,13
114,22,13
163,146,13
163,67,13
65,114,13
95,145,13
114,155,13
169,155,13
114,107,13
155,114,13
114,65,13
163,63,13
163,94,13
114,160,13
114,29,13
114,123,13
165,155,13
155,110,13
114,165,13
50,33,13
38,11,13
169,38,13
65,160,13
169,165,13
114,38,13
114,50,13
160,114,13
160,65,13
169,110,13
110,114,14
169,165,14
112,38,14
110,155,14
169,155,14
38,112,14
114,169,14
155,29,14
169,107,14
112,145,14
112,163,14
155,165,14
38,11,14
169,110,14
114,65,14
114,107,14
155,169,14
38,65,14
110,169,14
65,22,14
145,112,14
65,160,14
114,110,14
160,114,14
58,146,14
65,114,14
155,110,14
58,109,14
169,153,14
155,114,14
169,114,14
169,65,14
114,160,14
107,114,14
114,165,14
155,145,14
114,155,14
50,65,14
58,63,14
153,26,15
169,38,15
153,82,15
38,51,15
153,36,15
38,11,15
153,66,15
153,62,15
153,51,15
153,60,15
38,21,15
11,96,15
145,38,15
153,52,15
153,39,15
110,38,15
11,112,15
167,95,15
114,110,15
114,160,15
153,167,15
153,171,15
33,98,15
33,158,15
11,155,15
167,33,15
114,65,15
153,87,15
153,143,15
153,141,15
153,132,15
98,178,15
169,110,15
33,167,15
167,103,15
82,84,15
82,51,15
153,90,15
114,38,15
11,38,15
155,114,15
123,112,15
17,56,15
169,160,15
38,146,15
39,118,15
146,163,15
169,114,15
39,141,15
169,155,15
50,22,15
17,156,15
17,143,15
58,109,15
169,165,15
51,145,15
17,88,15
114,155,15
114,107,15
110,155,15
169,112,15
145,163,15
145,146,15
155,165,15
50,70,15
155,110,15
155,169,15
38,145,15
17,157,15
145,96,15
38,65,15
112,145,15
114,165,15
178,109,15
17,2,15
151,161,15
38,96,15
114,169,15
112,114,15
114,112,15
155,11,15
58,163,15
58,146,15
155,38,15
17,166,15
112,107,15
155,157,15
169,65,15
145,112,15
38,112,15
153,24,15
114,112,16
167,103,16
114,65,16
46,107,16
46,153,16
167,63,16
50,70,16
50,81,16
178,51,16
50,170,16
58,63,16
178,112,16
65,17,16
65,112,16
65,145,16
67,53,16
53,178,16
39,141,16
39,118,16
178,53,16
33,95,16
178,107,16
33,158,16
178,105,16
33,167,16
33,169,16
178,98,16
38,11,16
38,27,16
38,51,16
38,65,16
38,96,16
38,112,16
38,145,16
38,163,16
177,151,16
167,95,16
82,51,16
178,146,16
169,114,16
17,156,16
109,178,16
110,114,16
110,155,16
110,165,16
17,88,16
110,169,16
17,65,16
112,65,16
112,114,16
17,2,16
112,145,16
16,93,16
107,178,16
114,107,16
17,157,16
17,166,16
178,147,16
158,161,16
158,151,16
178,153,16
178,158,16
98,178,16
169,165,16
169,160,16
107,65,16
178,163,16
169,155,16
107,112,16
107,114,16
17,175,16
169,129,16
143,24,16
153,90,16
153,52,16
155,165,16
169,22,16
123,145,16
169,83,16
155,169,16
153,46,16
145,155,16
145,96,16
145,146,16
140,46,16
11,163,16
145,110,16
123,23,16
145,112,16
155,110,16
169,110,16
145,128,16
11,145,16
146,178,16
145,163,16
114,169,16
140,82,16
169,65,16
11,65,16
141,39,16
114,145,16
155,145,16
143,140,16
167,33,16
11,51,16
169,38,16
11,96,16
11,27,16
114,155,16
145,27,16
155,114,16
153,141,16
153,107,16
145,51,16
145,38,16
140,56,16
140,148,16
11,112,16
114,160,16
96,112,17
110,169,17
24,143,17
158,108,17
96,38,17
158,163,17
158,146,17
107,137,17
82,66,17
82,84,17
82,107,17
167,103,17
112,65,17
158,170,17
140,93,17
155,169,17
163,146,17
158,167,17
17,88,17
17,65,17
112,38,17
158,161,17
140,126,17
158,151,17
88,17,17
96,145,17
107,51,17
107,53,17
169,65,17
107,56,17
17,156,17
107,66,17
107,78,17
169,114,17
107,82,17
169,155,17
107,84,17
165,155,17
107,178,17
107,105,17
155,114,17
17,157,17
169,38,17
107,157,17
107,114,17
107,128,17
107,145,17
107,140,17
24,39,17
107,46,17
105,178,17
158,98,17
140,56,17
158,58,17
158,33,17
105,23,17
155,165,17
169,107,17
105,46,17
105,56,17
105,66,17
105,67,17
105,78,17
105,82,17
105,94,17
105,107,17
105,153,17
105,157,17
139,66,17
169,160,17
105,167,17
155,110,17
105,173,17
107,27,17
169,165,17
107,139,17
169,110,17
58,163,17
46,66,17
33,167,17
16,82,17
178,112,17
167,95,17
114,160,17
38,96,17
58,146,17
145,112,17
151,161,17
39,167,17
46,107,17
153,105,17
11,145,17
178,109,17
11,96,17
50,33,17
38,11,17
38,65,17
50,167,17
178,51,17
178,105,17
39,141,17
145,65,17
112,145,17
33,95,17
178,58,17
178,107,17
38,163,17
38,146,17
114,145,17
38,114,17
33,103,17
65,157,17
146,163,17
33,108,17
123,112,17
167,33,17
114,112,17
65,17,17
112,123,17
39,118,17
16,84,17
114,65,17
33,158,17
145,51,17
114,155,17
145,57,17
123,145,17
114,107,17
153,51,17
38,65,18
151,161,18
166,17,18
169,160,18
155,110,18
167,158,18
66,153,18
107,51,18
33,95,18
107,128,18
167,33,18
107,114,18
169,38,18
107,112,18
178,177,18
153,147,18
155,114,18
33,158,18
107,94,18
33,167,18
165,155,18
178,67,18
107,82,18
153,105,18
169,155,18
153,51,18
107,67,18
107,66,18
169,21,18
38,11,18
153,27,18
163,67,18
169,165,18
146,163,18
178,147,18
145,107,18
158,163,18
140,132,18
145,65,18
158,167,18
145,51,18
158,170,18
176,24,18
176,114,18
167,103,18
143,164,18
27,145,18
140,164,18
27,51,18
143,150,18
176,169,18
66,51,18
78,127,18
143,47,18
27,112,18
78,80,18
78,66,18
167,95,18
158,161,18
145,112,18
140,126,18
139,66,18
139,78,18
140,46,18
39,118,18
39,141,18
105,27,18
167,118,18
39,173,18
158,33,18
40,169,18
167,50,18
46,27,18
178,53,18
24,22,18
46,56,18
46,66,18
146,58,18
158,108,18
50,167,18
140,93,18
163,94,18
140,118,18
51,46,18
158,151,18
145,114,18
46,51,18
78,82,18
155,145,18
17,81,18
114,169,18
107,178,18
112,114,18
157,56,18
17,2,18
169,114,18
114,107,18
112,123,18
17,156,18
157,17,18
169,110,18
169,65,18
17,157,18
110,169,18
17,88,18
114,65,18
110,165,18
17,97,18
110,155,18
155,165,18
114,22,18
114,53,18
109,58,18
110,114,18
109,63,18
167,39,18
167,132,18
112,65,18
169,129,18
157,88,18
169,83,18
107,147,18
107,145,18
107,163,18
114,155,18
17,166,18
17,56,18
169,107,18
155,169,18
110,165,19
51,56,19
169,110,19
110,155,19
50,167,19
27,66,19
29,22,19
158,58,19
97,29,19
167,95,19
158,98,19
158,170,19
17,65,19
163,146,19
29,65,19
140,47,19
155,169,19
112,107,19
140,164,19
169,165,19
47,62,19
167,63,19
146,58,19
110,114,19
165,169,19
50,70,19
82,27,19
155,165,19
158,33,19
145,112,19
50,115,19
82,96,19
145,110,19
58,63,19
112,114,19
78,36,19
112,27,19
158,151,19
143,62,19
78,4,19
125,83,19
167,132,19
158,163,19
140,126,19
112,51,19
158,161,19
27,112,19
178,147,19
160,169,19
143,150,19
65,22,19
158,167,19
78,127,19
58,146,19
58,163,19
110,169,19
158,108,19
112,145,19
78,105,19
63,95,19
167,108,19
27,153,19
158,146,19
109,178,19
63,167,19
27,82,19
17,88,19
46,51,19
178,109,19
169,65,19
151,161,19
169,38,19
33,158,19
155,123,19
155,110,19
114,112,19
107,114,19
17,157,19
105,178,19
33,151,19
33,108,19
38,96,19
29,165,19
114,155,19
157,17,19
163,58,19
155,114,19
153,82,19
165,155,19
114,169,19
38,11,19
165,114,19
114,107,19
167,25,19
169,155,19
33,167,19
167,158,19
17,156,19
169,114,19
146,163,19
178,70,19
167,33,19
105,67,19
39,173,19
105,107,19
17,175,19
105,66,19
105,112,19
105,128,19
39,118,19
29,160,19
169,160,19
39,141,19
29,97,19
178,53,19
163,147,19
139,101,19
165,110,19
33,95,19
39,70,19
17,97,19
105,53,19
74,105,20
74,67,20
178,96,20
33,167,20
66,153,20
153,107,20
27,96,20
82,83,20
33,170,20
27,51,20
169,107,20
112,105,20
178,98,20
82,84,20
27,66,20
160,169,20
140,176,20
80,7,20
33,95,20
78,147,20
33,151,20
114,112,20
167,95,20
82,6,20
78,82,20
82,27,20
140,164,20
33,158,20
27,82,20
78,67,20
78,66,20
141,49,20
82,66,20
141,90,20
114,155,20
155,169,20
178,27,20
16,164,20
153,82,20
145,112,20
178,109,20
4,114,20
16,6,20
29,22,20
169,110,20
167,63,20
146,163,20
114,4,20
50,167,20
16,93,20
16,47,20
50,145,20
29,160,20
50,81,20
155,99,20
156,114,20
39,118,20
29,110,20
146,27,20
16,82,20
29,97,20
16,84,20
146,82,20
29,65,20
147,178,20
114,65,20
16,118,20
27,112,20
66,147,20
66,82,20
66,67,20
143,59,20
114,169,20
27,128,20
38,11,20
112,114,20
114,107,20
143,164,20
178,51,20
145,50,20
114,165,20
63,167,20
153,27,20
167,158,20
27,153,20
63,95,20
145,57,20
27,157,20
38,65,20
16,126,20
112,145,20
27,163,20
27,178,20
58,163,20
151,153,20
16,140,20
82,96,20
74,51,20
140,59,20
97,29,20
17,88,20
158,108,20
167,33,20
95,24,20
167,108,20
110,169,20
158,98,20
158,146,20
158,151,20
112,27,20
90,141,20
178,147,20
158,163,20
90,26,20
158,167,20
140,118,20
140,56,20
155,165,20
107,114,20
169,38,20
155,114,20
7,27,20
169,114,20
17,156,20
169,155,20
169,65,20
107,4,20
169,160,20
139,78,20
139,107,20
140,47,20
169,165,20
158,33,20
158,58,20
112,65,20
158,170,20
158,161,20
112,96,20
82,112,20
82,147,20
27,6,20
157,17,21
56,109,21
17,88,21
56,66,21
167,158,21
56,46,21
4,114,21
97,29,21
97,56,21
29,22,21
56,26,21
167,108,21
151,169,21
145,123,21
51,107,21
128,51,21
169,155,21
114,4,21
50,167,21
157,10,21
27,56,21
118,19,21
157,154,21
17,156,21
153,27,21
141,39,21
155,165,21
153,82,21
82,27,21
126,56,21
27,163,21
59,176,21
59,164,21
153,67,21
59,143,21
59,140,21
27,173,21
59,118,21
4,107,21
7,27,21
58,163,21
126,66,21
114,107,21
112,145,21
169,22,21
38,11,21
178,112,21
169,114,21
128,53,21
169,110,21
114,169,21
50,115,21
38,96,21
155,101,21
167,50,21
118,140,21
146,163,21
178,51,21
29,165,21
126,148,21
29,97,21
118,126,21
118,39,21
17,97,21
118,47,21
39,141,21
169,112,21
126,140,21
146,96,21
39,118,21
118,62,21
169,160,21
118,59,21
82,147,21
139,156,21
95,122,21
118,24,21
167,132,21
107,4,21
148,119,21
22,50,21
145,163,21
118,176,21
110,114,21
146,27,21
16,84,21
169,165,21
146,58,21
3,118,21
3,140,21
46,140,21
126,132,21
146,63,21
82,66,21
146,82,21
157,66,21
169,65,21
29,65,21
118,164,21
17,116,21
16,6,21
178,66,21
118,141,21
27,157,21
29,160,21
90,141,21
65,169,21
78,66,21
107,169,21
33,167,21
140,118,21
65,145,21
26,56,21
66,153,21
27,82,21
155,114,21
169,38,21
27,140,21
66,178,21
65,114,21
167,122,21
143,150,21
155,127,21
27,129,21
26,141,21
66,27,21
114,112,21
82,96,21
66,147,21
78,4,21
107,114,21
90,26,21
153,128,21
33,122,21
114,155,21
27,112,21
158,163,21
124,95,21
66,82,21
153,107,21
112,65,21
66,67,21
167,95,21
141,90,21
114,165,21
33,151,21
17,157,21
155,169,21
160,169,21
110,169,21
178,78,21
33,158,21
178,70,21
123,145,21
27,96,21
128,107,21
158,146,21
27,7,21
178,67,21
27,153,21
140,126,21
140,148,21
78,178,21
140,93,21
169,129,21
27,58,21
169,107,21
178,153,21
86,64,21
107,153,21
177,151,21
27,146,21
65,27,21
27,70,21
33,95,21
158,161,21
27,66,21
26,90,21
78,105,21
178,94,21
112,114,21
141,118,21
27,147,21
169,151,21
63,167,21
92,145,21
17,3,21
38,145,22
107,114,22
114,112,22
126,140,22
114,123,22
33,95,22
118,39,22
167,122,22
157,105,22
137,56,22
137,97,22
118,47,22
167,124,22
137,105,22
146,163,22
114,145,22
114,165,22
169,38,22
128,51,22
178,96,22
153,27,22
38,27,22
82,140,22
157,107,22
38,11,22
178,94,22
163,58,22
178,82,22
114,163,22
178,78,22
153,66,22
36,169,22
107,178,22
128,53,22
153,82,22
128,105,22
107,169,22
114,107,22
114,146,22
114,169,22
112,105,22
33,158,22
163,63,22
148,63,22
107,112,22
114,65,22
178,66,22
38,96,22
153,128,22
167,151,22
107,4,22
82,146,22
169,4,22
169,155,22
157,140,22
114,155,22
128,107,22
167,158,22
33,167,22
82,83,22
118,19,22
169,114,22
146,114,22
112,82,22
92,65,22
65,114,22
167,95,22
143,150,22
169,107,22
110,169,22
65,22,22
92,145,22
145,27,22
112,114,22
158,146,22
63,167,22
140,118,22
140,93,22
63,158,22
63,146,22
82,16,22
63,145,22
82,21,22
82,178,22
63,58,22
145,57,22
158,108,22
95,124,22
145,65,22
145,92,22
59,176,22
59,143,22
63,163,22
65,169,22
158,151,22
126,47,22
160,22,22
176,59,22
78,167,22
86,64,22
78,105,22
78,82,22
175,97,22
158,167,22
141,39,22
125,18,22
175,56,22
155,169,22
78,65,22
78,36,22
78,4,22
158,163,22
141,49,22
125,149,22
124,95,22
112,65,22
66,178,22
90,97,22
141,90,22
59,140,22
158,161,22
140,126,22
125,83,22
124,103,22
160,169,22
140,143,22
167,103,22
125,96,22
146,145,22
59,126,22
126,62,22
82,153,22
103,124,22
158,170,22
118,176,22
140,47,22
126,118,22
169,165,22
82,147,22
146,58,22
140,46,22
118,148,22
46,56,22
118,141,22
158,33,22
126,132,22
178,27,22
82,66,22
82,78,22
41,36,22
109,163,22
109,58,22
157,66,22
169,65,22
39,141,22
39,118,22
157,173,22
169,160,22
118,62,22
118,140,22
103,98,22
103,95,22
82,65,22
58,163,22
126,66,22
112,147,22
58,146,22
96,82,22
157,56,22
140,62,22
155,165,22
157,46,22
58,145,22
169,110,22
96,178,22
82,27,22
58,27,22
56,154,22
56,137,22
158,58,22
82,56,22
114,4,22
82,157,22
51,4,22
140,56,22
82,105,22
158,98,22
82,46,22
56,49,22
56,65,22
56,90,22
56,126,22
82,173,22
82,96,22
167,33,22
11,38,22
27,112,22
17,2,22
178,147,22
163,178,22
26,141,22
27,58,22
17,81,22
17,97,22
27,147,22
16,82,22
163,67,22
178,109,22
22,65,22
27,96,22
27,146,22
4,114,22
163,146,22
22,29,22
4,169,22
29,65,22
17,156,22
17,157,22
163,94,22
11,169,22
29,50,22
27,145,22
22,169,22
29,22,22
178,163,22
29,160,22
29,10,22
178,107,22
7,27,22
17,88,22
22,160,22
27,66,22
27,153,22
27,82,22
17,166,22
95,124,23
145,57,23
162,155,23
167,41,23
27,82,23
70,50,23
107,169,23
114,169,23
95,108,23
17,157,23
158,108,23
78,66,23
169,65,23
107,128,23
95,167,23
180,173,23
157,88,23
27,78,23
112,114,23
38,11,23
17,166,23
25,95,23
78,82,23
167,124,23
167,132,23
17,2,23
145,11,23
145,38,23
107,163,23
180,157,23
158,23,23
157,82,23
125,64,23
92,155,23
92,145,23
157,70,23
27,157,23
78,139,23
66,128,23
50,115,23
78,140,23
167,33,23
78,157,23
27,112,23
109,58,23
124,158,23
146,27,23
92,81,23
146,58,23
50,123,23
50,145,23
59,176,23
163,57,23
169,110,23
163,27,23
66,147,23
29,50,23
169,114,23
17,156,23
126,93,23
78,101,23
145,92,23
155,165,23
145,95,23
63,58,23
158,124,23
163,66,23
145,112,23
50,70,23
178,67,23
17,116,23
78,105,23
78,107,23
126,59,23
126,56,23
17,97,23
145,123,23
157,78,23
27,67,23
78,127,23
66,178,23
157,101,23
107,112,23
78,56,23
178,56,23
41,36,23
169,162,23
105,107,23
140,47,23
114,160,23
160,169,23
158,33,23
114,162,23
112,145,23
178,51,23
140,56,23
38,169,23
169,160,23
103,95,23
163,146,23
140,59,23
140,62,23
157,166,23
114,165,23
38,145,23
114,155,23
140,82,23
27,96,23
22,50,23
103,124,23
107,4,23
157,173,23
105,4,23
169,4,23
169,165,23
157,180,23
169,11,23
39,118,23
22,160,23
169,22,23
158,25,23
29,157,23
39,116,23
29,160,23
22,169,23
29,115,23
7,96,23
7,161,23
39,141,23
162,169,23
105,53,23
58,163,23
155,114,23
169,38,23
140,19,23
112,163,23
112,146,23
167,36,23
180,82,23
157,156,23
157,139,23
157,127,23
98,103,23
27,153,23
128,66,23
98,95,23
158,103,23
157,126,23
141,49,23
38,65,23
128,27,23
70,173,23
6,46,23
141,90,23
70,157,23
19,148,23
92,65,23
24,80,23
78,46,23
107,114,23
78,51,23
29,65,23
141,118,23
141,3,23
128,107,23
178,112,23
140,164,23
155,162,23
180,178,23
140,93,23
78,4,23
157,154,23
157,46,23
98,178,23
112,123,23
140,118,23
158,95,23
157,143,23
128,153,23
46,78,23
38,112,23
140,126,23
162,165,23
98,124,23
29,176,23
169,155,23
158,98,23
78,36,23
178,66,23
157,140,23
58,146,23
140,120,23
155,169,23
112,178,23
112,82,23
56,3,23
180,46,23
153,66,23
33,170,23
33,103,23
82,27,23
116,47,23
116,46,23
154,157,23
153,61,23
180,56,23
153,60,23
82,36,23
167,95,23
29,10,23
33,167,23
58,27,23
82,157,23
114,53,23
151,98,23
29,22,23
180,140,23
32,77,23
65,38,23
178,98,23
147,153,23
26,141,23
82,163,23
27,38,23
118,24,23
118,39,23
60,97,23
27,58,23
112,66,23
153,82,23
63,148,23
158,167,23
118,176,23
112,27,23
56,49,23
118,143,23
56,140,23
167,158,23
158,170,23
153,27,23
82,70,23
82,67,23
116,10,23
33,158,23
118,62,23
82,56,23
27,147,23
82,66,23
153,26,23
157,17,23
163,63,23
110,169,23
167,103,23
114,112,23
158,163,23
154,66,23
82,51,23
86,77,23
26,90,23
58,82,23
82,78,23
56,82,23
56,84,23
50,167,23
157,56,23
118,141,23
56,90,23
112,4,23
116,39,23
63,163,23
17,88,23
151,161,23
157,3,23
32,86,23
27,56,23
86,32,23
65,110,23
153,24,23
25,124,23
65,160,23
146,94,23
116,59,23
180,78,23
51,82,23
153,141,23
163,58,23
116,56,23
27,123,23
116,139,23
153,143,23
109,163,23
16,84,23
27,6,23
115,50,23
32,64,23
65,169,23
33,95,23
160,22,23
58,63,23
124,95,23
115,22,23
27,66,23
82,96,23
169,107,23
114,11,23
26,167,23
146,163,23
178,82,23
116,126,23
58,109,23
63,146,23
153,128,23
113,128,23
162,114,23
116,118,23
16,82,23
146,145,23
112,107,23
153,90,23
51,157,23
155,92,23
163,158,23
157,2,23
27,140,23
180,96,23
116,157,23
112,65,23
180,70,23
114,107,23
116,176,23
158,151,23
82,112,23
109,178,23
157,10,23
25,167,23
153,107,23
158,161,23
178,180,23
114,145,23
82,147,23
116,164,23
153,87,23
169,165,24
63,146,24
157,140,24
63,163,24
11,114,24
178,180,24
110,169,24
58,146,24
169,21,24
169,155,24
118,62,24
169,22,24
162,165,24
11,157,24
27,96,24
169,38,24
39,173,24
169,160,24
112,146,24
11,153,24
157,173,24
163,146,24
17,81,24
118,19,24
11,160,24
169,162,24
163,161,24
11,155,24
112,38,24
112,145,24
58,63,24
63,148,24
155,114,24
155,162,24
39,139,24
157,154,24
11,123,24
157,10,24
118,47,24
16,138,24
11,129,24
11,140,24
112,27,24
11,145,24
114,165,24
39,141,24
118,39,24
58,163,24
169,96,24
128,4,24
11,112,24
17,97,24
11,22,24
109,163,24
51,107,24
11,27,24
66,178,24
169,78,24
126,82,24
17,116,24
27,128,24
51,147,24
11,38,24
155,165,24
29,22,24
167,63,24
126,93,24
50,29,24
17,156,24
11,46,24
11,50,24
163,178,24
169,114,24
169,66,24
114,169,24
157,78,24
112,107,24
50,167,24
27,112,24
109,63,24
50,171,24
169,83,24
109,58,24
155,169,24
162,114,24
51,82,24
180,178,24
51,4,24
66,128,24
63,109,24
124,95,24
157,70,24
125,64,24
109,146,24
115,50,24
126,19,24
65,169,24
126,47,24
50,115,24
41,167,24
112,82,24
118,176,24
56,78,24
157,56,24
29,65,24
46,51,24
56,97,24
118,141,24
178,163,24
17,88,24
46,10,24
11,70,24
163,123,24
107,114,24
56,140,24
56,157,24
128,66,24
11,78,24
157,126,24
11,92,24
63,167,24
128,105,24
118,126,24
128,113,24
27,147,24
167,50,24
110,165,24
27,145,24
63,95,24
56,49,24
162,155,24
169,65,24
11,56,24
17,157,24
65,22,24
58,145,24
126,132,24
177,151,24
63,145,24
167,124,24
118,164,24
46,82,24
11,65,24
126,139,24
126,140,24
110,162,24
115,171,24
17,166,24
169,129,24
126,164,24
112,114,24
167,132,24
126,176,24
11,173,24
56,3,24
125,18,24
112,65,24
78,41,24
141,90,24
33,167,24
82,27,24
38,58,24
24,80,24
78,51,24
24,173,24
158,167,24
27,82,24
16,6,24
78,66,24
175,56,24
148,63,24
78,70,24
27,58,24
60,81,24
82,4,24
158,163,24
171,115,24
155,78,24
97,56,24
158,103,24
38,112,24
140,126,24
58,178,24
33,158,24
171,50,24
178,66,24
78,36,24
38,96,24
167,95,24
114,112,24
167,158,24
27,56,24
140,173,24
86,32,24
114,65,24
82,46,24
26,90,24
141,39,24
38,83,24
82,51,24
143,150,24
38,11,24
143,176,24
158,146,24
78,107,24
92,162,24
114,4,24
145,123,24
157,29,24
146,112,24
78,127,24
178,67,24
92,155,24
60,22,24
92,112,24
92,27,24
92,96,24
80,24,24
16,96,24
146,63,24
92,65,24
146,58,24
169,110,24
146,163,24
145,112,24
4,114,24
78,82,24
147,82,24
81,157,24
155,92,24
145,38,24
82,107,24
145,50,24
145,57,24
114,38,24
95,108,24
145,58,24
163,66,24
63,58,24
81,17,24
81,10,24
163,58,24
16,84,24
63,33,24
178,82,24
114,22,24
158,109,24
158,124,24
167,108,24
167,103,24
27,163,24
82,78,24
139,176,24
39,61,24
38,146,24
39,118,24
29,115,24
139,126,24
33,103,24
33,63,24
140,47,24
140,82,24
140,65,24
29,157,24
163,158,24
29,160,24
160,169,24
153,27,24
22,169,24
33,124,24
139,39,24
114,107,24
82,140,24
163,109,24
140,62,24
158,58,24
101,139,24
33,95,24
114,155,24
178,58,24
103,95,24
82,105,24
82,147,24
39,26,24
82,83,24
78,4,24
82,126,24
157,46,24
103,124,24
140,93,24
162,169,24
153,82,24
167,23,24
27,51,24
158,33,24
82,96,24
82,178,24
26,141,24
82,66,24
158,95,24
39,24,24
163,63,24
109,157,25
167,95,25
82,147,25
65,160,25
167,132,25
81,50,25
158,161,25
155,92,25
82,83,25
65,145,25
82,153,25
123,112,25
115,50,25
163,58,25
27,128,25
123,145,25
147,27,25
33,95,25
65,169,25
110,165,25
146,163,25
124,103,25
158,151,25
109,63,25
63,146,25
66,67,25
33,23,25
82,96,25
163,146,25
36,41,25
92,38,25
146,63,25
114,145,25
66,78,25
27,112,25
162,114,25
162,60,25
58,63,25
180,178,25
160,22,25
66,4,25
58,109,25
112,38,25
169,107,25
114,107,25
153,128,25
82,140,25
66,27,25
63,112,25
114,4,25
157,10,25
124,95,25
27,66,25
66,53,25
66,56,25
124,98,25
155,169,25
27,21,25
27,6,25
27,46,25
65,110,25
65,114,25
2,144,25
110,169,25
26,141,25
167,158,25
63,163,25
115,171,25
56,82,25
27,56,25
118,62,25
56,66,25
56,60,25
110,162,25
56,49,25
57,94,25
176,126,25
92,65,25
153,27,25
60,165,25
118,141,25
33,167,25
114,112,25
82,66,25
11,165,25
27,147,25
166,160,25
167,103,25
82,58,25
82,56,25
60,162,25
63,167,25
57,67,25
33,158,25
56,175,25
118,140,25
157,17,25
84,82,25
114,65,25
158,170,25
118,90,25
11,114,25
33,161,25
114,38,25
82,27,25
63,145,25
157,2,25
118,39,25
26,36,25
163,63,25
82,157,25
167,63,25
155,78,25
27,58,25
153,67,25
112,82,25
109,178,25
33,98,25
27,140,25
153,82,25
176,143,25
29,22,25
27,129,25
147,145,25
112,65,25
158,163,25
82,4,25
33,170,25
82,78,25
157,56,25
118,148,25
27,157,25
2,154,25
158,167,25
118,167,25
26,61,25
112,66,25
57,145,25
60,169,25
27,146,25
112,27,25
2,157,25
118,176,25
17,88,25
63,148,25
147,153,25
137,60,25
29,50,25
146,58,25
157,139,25
78,36,25
140,148,25
171,50,25
22,29,25
41,167,25
140,143,25
98,124,25
157,140,25
162,165,25
38,112,25
128,113,25
128,153,25
58,146,25
169,155,25
78,4,25
155,162,25
140,93,25
23,151,25
155,160,25
157,154,25
167,36,25
107,4,25
158,58,25
107,51,25
140,82,25
158,98,25
128,107,25
178,66,25
29,65,25
46,51,25
163,128,25
169,110,25
66,82,25
27,153,25
141,61,25
38,65,25
128,51,25
38,92,25
128,112,25
98,95,25
128,66,25
112,114,25
157,126,25
27,96,25
98,103,25
157,127,25
141,26,25
128,105,25
141,3,25
141,39,25
141,118,25
157,156,25
41,80,25
27,178,25
160,169,25
155,114,25
140,4,25
22,114,25
105,57,25
139,157,25
22,145,25
39,141,25
103,124,25
29,160,25
105,67,25
114,155,25
139,78,25
163,82,25
27,94,25
169,21,25
22,160,25
58,163,25
39,118,25
103,167,25
169,4,25
105,27,25
157,46,25
139,101,25
114,165,25
105,82,25
105,94,25
38,145,25
103,25,25
105,163,25
158,33,25
112,128,25
105,161,25
22,65,25
103,33,25
157,166,25
27,83,25
105,147,25
157,173,25
103,95,25
105,128,25
114,162,25
27,84,25
112,145,25
22,169,25
41,36,25
140,27,25
162,169,25
169,162,25
39,26,25
169,160,25
107,114,25
141,90,25
145,65,25
167,33,25
126,59,25
157,78,25
145,112,25
126,62,25
66,178,25
4,114,25
158,114,25
4,169,25
95,25,25
145,114,25
157,80,25
145,96,25
78,101,25
145,82,25
126,93,25
78,96,25
78,56,25
163,27,25
17,10,25
17,156,25
17,2,25
145,63,25
155,165,25
66,153,25
158,146,25
145,123,25
169,83,25
27,163,25
66,105,25
63,109,25
66,112,25
109,58,25
145,175,25
50,115,25
145,163,25
124,167,25
36,167,25
66,128,25
50,114,25
92,123,25
145,146,25
92,145,25
92,155,25
66,147,25
78,127,25
163,51,25
169,165,25
27,67,25
126,47,25
78,84,25
114,169,25
169,114,25
38,11,25
48,79,25
145,58,25
171,115,25
126,140,25
78,80,25
107,153,25
157,88,25
143,140,25
126,143,25
27,78,25
96,82,25
143,62,25
27,173,25
143,59,25
126,164,25
11,169,25
169,129,25
143,19,25
78,66,25
126,176,25
157,101,25
46,82,25
27,82,25
58,145,25
17,157,25
143,171,25
145,27,25
169,65,25
177,151,25
145,38,25
63,58,25
162,155,25
145,51,25
158,108,25
145,2,25
78,82,25
126,118,25
167,124,25
107,169,25
143,176,25
126,132,25
163,147,26
62,93,26
16,138,26
169,110,26
112,163,26
112,66,26
63,109,26
63,79,26
112,123,26
114,22,26
63,145,26
112,114,26
114,11,26
114,4,26
62,176,26
114,92,26
62,118,26
112,145,26
112,65,26
63,93,26
112,147,26
62,164,26
27,153,26
163,146,26
114,38,26
62,126,26
114,65,26
63,58,26
153,163,26
112,38,26
92,145,26
92,114,26
79,91,26
92,65,26
79,131,26
79,142,26
79,152,26
178,147,26
158,151,26
160,22,26
91,142,26
27,66,26
91,129,26
91,119,26
91,99,26
91,79,26
91,30,26
78,127,26
91,13,26
95,33,26
95,124,26
158,23,26
27,94,26
103,124,26
103,95,26
158,33,26
99,91,26
78,4,26
158,63,26
98,124,26
98,103,26
98,95,26
97,137,26
78,41,26
97,22,26
96,178,26
27,82,26
163,94,26
78,82,26
158,108,26
80,157,26
25,124,26
26,141,26
82,70,26
176,126,26
27,51,26
82,78,26
82,173,26
82,159,26
82,157,26
167,101,26
82,153,26
82,149,26
82,84,26
82,93,26
82,140,26
82,94,26
27,6,26
82,96,26
82,126,26
82,125,26
167,103,26
82,54,26
158,170,26
176,59,26
27,58,26
81,17,26
81,50,26
158,161,26
81,88,26
81,157,26
26,41,26
82,4,26
169,165,26
158,163,26
26,61,26
82,21,26
158,167,26
27,56,26
82,27,26
82,46,26
26,90,26
82,49,26
82,6,26
105,27,26
22,160,26
105,51,26
27,128,26
65,145,26
109,163,26
65,169,26
109,146,26
66,4,26
66,27,26
66,51,26
109,63,26
27,112,26
66,67,26
66,82,26
109,58,26
66,128,26
157,70,26
66,178,26
157,78,26
157,80,26
17,156,26
27,140,26
109,178,26
65,112,26
163,145,26
63,148,26
112,27,26
17,81,26
161,177,26
63,158,26
110,169,26
63,163,26
110,165,26
157,82,26
27,147,26
110,162,26
161,163,26
177,151,26
65,6,26
157,56,26
110,155,26
27,146,26
65,22,26
17,88,26
63,167,26
63,146,26
169,114,26
169,123,26
105,163,26
105,161,26
22,65,26
105,153,26
105,147,26
105,128,26
169,160,26
105,123,26
105,114,26
105,112,26
22,97,26
105,107,26
169,162,26
105,94,26
105,82,26
157,173,26
105,67,26
161,51,26
105,57,26
105,169,26
22,60,26
22,50,26
107,4,26
167,124,26
27,96,26
169,127,26
17,157,26
17,166,26
70,39,26
161,158,26
107,123,26
107,169,26
157,126,26
163,112,26
161,151,26
22,6,26
107,51,26
22,29,26
157,140,26
169,155,26
107,105,26
162,60,26
167,95,26
114,169,26
38,11,26
143,176,26
153,6,26
167,132,26
163,67,26
167,39,26
157,17,26
167,41,26
145,58,26
123,114,26
163,27,26
29,22,26
178,107,26
155,145,26
33,158,26
123,107,26
58,63,26
4,169,26
36,41,26
126,140,26
123,65,26
178,96,26
143,126,26
58,146,26
142,131,26
169,107,26
143,17,26
178,109,26
169,65,26
178,51,26
11,169,26
162,155,26
58,145,26
126,132,26
11,165,26
41,36,26
123,169,26
6,22,26
62,47,26
32,100,26
157,27,26
143,62,26
115,50,26
143,118,26
33,151,26
147,112,26
132,167,26
167,33,26
4,114,26
146,63,26
163,51,26
33,167,26
128,113,26
118,126,26
128,82,26
145,155,26
177,158,26
36,167,26
32,77,26
151,158,26
56,116,26
118,141,26
128,66,26
178,70,26
46,76,26
118,143,26
33,177,26
128,27,26
55,131,26
145,163,26
118,167,26
29,65,26
167,158,26
167,63,26
118,62,26
151,177,26
167,36,26
145,112,26
155,162,26
118,19,26
146,163,26
123,38,26
11,38,26
162,165,26
118,39,26
156,17,26
145,114,26
123,4,26
128,178,26
32,86,26
151,161,26
128,153,26
33,161,26
146,58,26
145,123,26
2,144,26
177,161,26
4,107,26
118,61,26
11,114,26
142,79,26
153,27,26
118,176,26
155,114,26
153,178,26
126,93,26
29,160,26
13,79,26
39,70,26
147,27,26
38,111,26
162,114,26
126,118,26
137,175,26
153,107,26
163,63,26
163,58,26
39,118,26
60,22,26
50,17,26
27,163,26
114,145,26
4,51,26
124,103,26
162,169,26
167,126,26
169,78,26
50,114,26
140,93,26
13,131,26
126,62,26
50,115,26
38,146,26
27,157,26
180,178,26
32,64,26
6,115,26
140,118,26
155,165,26
33,23,26
140,47,26
38,112,26
140,126,26
178,56,26
33,95,26
60,29,26
137,114,26
124,95,26
13,30,26
141,90,26
114,162,26
178,66,26
58,148,26
163,82,26
169,4,26
141,61,26
39,173,26
169,36,26
155,169,26
58,163,26
137,97,26
167,23,26
39,141,26
153,51,26
38,58,26
141,26,26
114,160,26
114,155,26
141,39,26
27,178,26
147,51,26
153,82,26
79,91,27
146,128,27
161,158,27
80,81,27
91,129,27
126,176,27
17,116,27
70,67,27
91,148,27
107,123,27
146,51,27
126,47,27
178,70,27
91,48,27
178,107,27
163,65,27
29,50,27
80,41,27
126,62,27
91,119,27
70,82,27
146,27,27
146,140,27
169,65,27
70,51,27
126,118,27
146,67,27
126,59,27
49,65,27
4,78,27
146,114,27
108,103,27
126,93,27
126,143,27
27,96,27
126,132,27
146,66,27
146,107,27
146,63,27
126,140,27
17,156,27
4,51,27
107,153,27
146,65,27
17,157,27
48,91,27
146,112,27
108,33,27
91,142,27
155,165,27
146,94,27
167,124,27
146,82,27
92,65,27
17,166,27
107,178,27
160,22,27
146,58,27
162,155,27
70,27,27
126,164,27
146,59,27
50,29,27
50,22,27
158,151,27
169,114,27
62,47,27
155,162,27
160,29,27
139,114,27
140,146,27
103,158,27
140,163,27
103,167,27
78,36,27
39,118,27
161,23,27
140,176,27
158,23,27
141,26,27
169,165,27
137,97,27
169,4,27
158,103,27
163,94,27
22,160,27
141,90,27
27,82,27
22,145,27
39,141,27
7,178,27
22,114,27
78,51,27
169,38,27
155,114,27
140,145,27
103,124,27
29,160,27
140,84,27
76,16,27
100,77,27
77,100,27
99,165,27
99,155,27
140,82,27
99,140,27
6,99,27
38,123,27
158,33,27
140,63,27
140,62,27
140,59,27
103,33,27
140,93,27
27,83,27
78,4,27
140,58,27
103,95,27
140,47,27
103,108,27
38,112,27
162,169,27
140,126,27
39,22,27
169,162,27
178,51,27
132,167,27
78,107,27
145,114,27
22,29,27
128,163,27
128,147,27
107,51,27
145,123,27
41,167,27
107,53,27
4,107,27
22,6,27
128,113,27
128,107,27
92,145,27
128,82,27
92,123,27
178,27,27
128,67,27
128,66,27
128,51,27
78,140,27
128,27,27
163,123,27
145,163,27
178,67,27
162,165,27
169,155,27
27,67,27
41,26,27
6,27,27
6,22,27
78,70,27
96,82,27
178,66,27
167,41,27
169,160,27
143,140,27
96,18,27
38,11,27
22,65,27
29,65,27
143,176,27
95,124,27
145,58,27
145,65,27
95,103,27
22,60,27
22,50,27
165,99,27
167,118,27
155,145,27
22,39,27
41,90,27
107,4,27
167,33,27
78,82,27
91,30,27
90,141,27
163,140,27
151,177,27
82,56,27
58,82,27
158,170,27
176,118,27
63,145,27
2,88,27
112,65,27
58,96,27
2,17,27
2,10,27
63,140,27
177,151,27
112,82,27
27,51,27
33,151,27
115,50,27
58,112,27
63,109,27
157,27,27
32,100,27
114,169,27
178,180,27
163,161,27
26,141,27
167,101,27
114,165,27
112,114,27
176,116,27
32,86,27
176,143,27
58,63,27
110,165,27
63,163,27
118,62,27
27,147,27
57,112,27
110,169,27
2,144,27
175,97,27
33,161,27
63,158,27
17,81,27
26,90,27
82,178,27
57,145,27
112,27,27
82,51,27
63,148,27
118,39,27
58,27,27
118,19,27
2,139,27
116,176,27
176,62,27
112,38,27
112,51,27
33,158,27
63,146,27
151,161,27
58,146,27
63,82,27
153,27,27
114,22,27
153,128,27
63,27,27
114,36,27
33,23,27
163,158,27
13,104,27
163,63,27
82,96,27
62,176,27
114,112,27
13,91,27
27,157,27
153,147,27
62,140,27
114,78,27
82,112,27
62,126,27
13,142,27
62,118,27
27,7,27
62,93,27
27,6,27
163,148,27
162,60,27
167,95,27
114,65,27
33,167,27
13,79,27
82,146,27
112,123,27
114,162,27
167,132,27
82,78,27
63,65,27
114,155,27
27,178,27
58,163,27
153,51,27
33,108,27
13,30,27
59,2,27
33,103,27
16,93,27
153,67,27
169,110,27
153,82,27
63,58,27
33,95,27
153,90,27
114,145,27
27,163,27
114,139,27
60,22,27
82,147,27
163,146,27
114,4,27
153,107,27
153,66,27
88,17,27
112,57,27
147,27,27
82,4,27
162,114,27
66,82,27
26,41,27
109,163,27
66,51,27
81,80,27
2,156,27
148,63,27
110,114,27
109,58,27
66,107,27
178,82,27
158,163,27
123,114,27
65,114,27
65,157,27
65,145,27
27,58,27
66,78,27
124,95,27
66,53,27
123,38,27
147,51,27
158,161,27
50,170,27
11,38,27
163,58,27
65,140,27
27,112,27
109,178,27
51,107,27
123,112,27
65,112,27
27,140,27
147,82,27
32,64,27
151,23,27
110,162,27
2,166,27
158,167,27
17,88,27
27,56,27
66,4,27
108,167,27
109,146,27
91,13,27
32,77,27
167,158,27
66,146,27
29,22,27
63,167,27
90,61,27
155,169,27
82,27,27
169,107,27
146,163,27
109,63,27
123,65,27
110,155,27
123,145,27
51,82,27
167,103,27
151,98,27
50,115,27
180,178,27
26,61,27
2,154,27
27,146,27
66,128,27
51,78,27
155,60,27
65,22,27
158,161,28
80,56,28
82,147,28
80,49,28
141,49,28
91,148,28
33,95,28
141,26,28
147,57,28
153,82,28
141,39,28
163,94,28
141,41,28
163,58,28
78,41,28
141,60,28
153,90,28
140,93,28
91,119,28
153,143,28
146,163,28
158,58,28
80,93,28
91,9,28
98,178,28
99,22,28
33,23,28
155,96,28
4,26,28
91,13,28
91,30,28
6,99,28
27,6,28
82,96,28
78,4,28
80,139,28
158,63,28
91,142,28
147,51,28
91,129,28
153,105,28
27,82,28
153,107,28
82,140,28
32,64,28
78,36,28
153,178,28
147,27,28
140,126,28
178,82,28
80,157,28
167,95,28
80,140,28
163,63,28
153,114,28
33,108,28
142,91,28
26,141,28
78,105,28
145,169,28
82,16,28
178,107,28
33,158,28
155,60,28
80,116,28
158,163,28
145,112,28
163,27,28
92,65,28
32,86,28
145,65,28
147,153,28
26,41,28
95,103,28
82,4,28
145,57,28
78,178,28
26,90,28
178,153,28
82,51,28
26,80,28
33,167,28
92,112,28
163,51,28
32,77,28
78,127,28
78,139,28
2,144,28
33,170,28
145,123,28
27,56,28
167,158,28
33,177,28
158,146,28
178,67,28
154,66,28
26,61,28
166,17,28
178,66,28
178,98,28
78,82,28
83,82,28
96,82,28
32,100,28
33,115,28
78,66,28
146,63,28
176,126,28
82,27,28
141,137,28
141,132,28
141,118,28
78,51,28
153,27,28
141,97,28
141,90,28
3,56,28
82,78,28
96,153,28
160,22,28
38,58,28
82,70,28
176,120,28
176,118,28
146,58,28
95,124,28
27,70,28
163,67,28
153,24,28
38,11,28
27,51,28
178,78,28
78,80,28
33,151,28
92,38,28
96,27,28
96,58,28
153,26,28
178,147,28
27,66,28
33,124,28
140,82,28
155,165,28
58,38,28
126,140,28
58,53,28
58,56,28
126,143,28
112,38,28
107,153,28
63,146,28
70,22,28
58,63,28
126,167,28
157,96,28
17,166,28
29,60,28
169,145,28
126,132,28
178,7,28
17,156,28
157,3,28
118,47,28
126,93,28
162,60,28
157,82,28
162,155,28
163,178,28
118,39,28
169,114,28
63,148,28
126,115,28
126,118,28
58,27,28
169,65,28
126,176,28
127,78,28
157,10,28
163,112,28
58,96,28
178,46,28
157,139,28
22,6,28
128,113,28
157,126,28
63,140,28
41,167,28
41,141,28
22,29,28
157,140,28
115,50,28
177,151,28
107,53,28
112,65,28
178,27,28
58,93,28
127,80,28
107,114,28
46,66,28
46,64,28
163,126,28
19,59,28
46,32,28
29,65,28
46,16,28
58,65,28
70,173,28
58,82,28
63,145,28
128,66,28
63,158,28
157,80,28
157,78,28
157,46,28
120,140,28
51,178,28
109,163,28
118,140,28
51,78,28
169,107,28
63,167,28
109,146,28
65,169,28
29,22,28
124,25,28
66,46,28
27,112,28
155,169,28
109,178,28
163,140,28
65,92,28
118,167,28
56,49,28
55,30,28
55,13,28
118,176,28
56,82,28
17,88,28
118,141,28
56,109,28
56,116,28
110,114,28
167,63,28
157,56,28
110,38,28
65,50,28
66,51,28
155,162,28
124,95,28
177,167,28
66,147,28
157,70,28
126,47,28
50,65,28
63,163,28
126,6,28
66,154,28
66,157,28
126,59,28
27,96,28
27,147,28
17,81,28
66,178,28
169,78,28
118,62,28
163,82,28
66,140,28
50,169,28
118,126,28
124,103,28
66,78,28
66,82,28
66,96,28
66,107,28
66,112,28
66,126,28
66,128,28
162,114,28
66,56,28
169,155,28
162,165,28
137,56,28
60,22,28
59,140,28
114,145,28
167,41,28
22,160,28
169,4,28
59,132,28
169,36,28
63,58,28
39,141,28
74,67,28
167,124,28
27,173,28
169,110,28
74,66,28
58,109,28
157,173,28
59,6,28
13,30,28
74,57,28
178,51,28
132,176,28
74,51,28
169,162,28
132,167,28
41,26,28
74,27,28
74,82,28
58,163,28
169,165,28
163,158,28
163,148,28
180,80,28
114,107,28
101,78,28
163,157,28
114,110,28
114,83,28
13,119,28
13,104,28
163,147,28
38,145,28
74,163,28
162,169,28
140,58,28
13,91,28
27,84,28
163,109,28
22,176,28
74,147,28
74,128,28
163,146,28
74,107,28
74,105,28
60,29,28
114,4,28
39,118,28
74,94,28
114,123,28
22,99,28
59,19,28
132,164,28
132,47,28
105,153,28
132,41,28
132,39,28
114,162,28
41,78,28
132,36,28
132,26,28
132,3,28
58,146,28
41,36,28
112,114,28
22,65,28
114,165,28
178,109,28
58,145,28
169,60,28
22,60,28
41,80,28
58,140,28
114,169,28
107,4,28
58,126,28
41,90,28
63,109,28
157,154,28
155,114,28
58,148,28
56,3,28
132,59,28
112,145,28
114,155,28
169,160,28
132,120,28
132,118,28
132,140,28
132,93,28
132,141,28
132,143,28
132,90,28
132,126,28
132,62,28
132,61,28
157,17,29
114,38,29
115,6,29
118,132,29
112,105,29
118,126,29
167,95,29
118,143,29
114,29,29
176,46,29
158,167,29
153,128,29
26,126,29
118,141,29
26,141,29
118,19,29
114,169,29
153,26,29
114,50,29
13,91,29
115,126,29
118,140,29
115,99,29
13,104,29
114,112,29
114,107,29
114,65,29
115,50,29
82,112,29
114,92,29
26,90,29
88,17,29
114,22,29
153,90,29
114,162,29
114,155,29
118,47,29
151,177,29
157,10,29
114,145,29
154,80,29
153,82,29
114,160,29
163,158,29
153,27,29
13,30,29
118,59,29
114,123,29
158,170,29
154,107,29
112,57,29
163,146,29
167,124,29
114,165,29
169,110,29
114,11,29
118,120,29
153,107,29
118,93,29
118,62,29
114,4,29
112,114,29
118,39,29
153,51,29
2,144,29
115,140,29
154,27,29
101,46,29
26,61,29
105,82,29
169,38,29
105,78,29
96,82,29
157,173,29
105,66,29
165,114,29
96,107,29
141,90,29
96,146,29
22,137,29
165,155,29
169,4,29
22,160,29
105,27,29
169,162,29
6,50,29
96,58,29
169,60,29
22,60,29
145,58,29
155,114,29
145,57,29
131,13,29
131,104,29
25,95,29
145,38,29
165,162,29
95,124,29
22,65,29
167,33,29
105,128,29
169,160,29
22,99,29
141,61,29
137,22,29
169,165,29
101,157,29
99,60,29
101,153,29
101,140,29
101,139,29
101,127,29
101,107,29
101,82,29
100,32,29
101,80,29
158,58,29
101,78,29
101,56,29
140,82,29
101,167,29
158,33,29
6,115,29
140,93,29
137,97,29
141,26,29
105,4,29
158,23,29
140,167,29
103,167,29
140,153,29
145,92,29
140,126,29
163,94,29
140,6,29
158,95,29
140,47,29
140,115,29
103,124,29
118,164,29
155,145,29
107,4,29
146,163,29
91,13,29
91,30,29
126,47,29
126,62,29
91,119,29
155,165,29
101,41,29
157,81,29
17,156,29
91,129,29
91,131,29
126,93,29
169,65,29
91,142,29
169,114,29
25,124,29
17,90,29
118,167,29
118,176,29
155,60,29
158,163,29
17,88,29
157,2,29
120,62,29
90,41,29
147,128,29
155,169,29
147,66,29
124,95,29
167,103,29
147,27,29
124,103,29
169,92,29
91,148,29
126,118,29
158,151,29
128,105,29
92,145,29
157,139,29
128,113,29
157,140,29
22,29,29
145,112,29
155,162,29
92,169,29
169,155,29
93,107,29
157,154,29
145,157,29
128,66,29
165,169,29
128,51,29
126,132,29
146,63,29
17,157,29
157,88,29
126,140,29
126,143,29
126,148,29
146,58,29
126,167,29
92,65,29
17,166,29
158,146,29
128,23,29
165,60,29
157,90,29
105,107,29
33,23,29
63,148,29
177,95,29
63,146,29
78,46,29
63,145,29
178,66,29
29,65,29
41,167,29
27,51,29
63,67,29
163,66,29
177,151,29
38,11,29
78,127,29
41,127,29
162,165,29
162,60,29
41,90,29
56,157,29
63,58,29
78,41,29
58,140,29
27,112,29
47,164,29
27,82,29
81,50,29
78,36,29
65,155,29
177,158,29
47,126,29
47,118,29
65,29,29
65,22,29
36,41,29
63,167,29
29,60,29
46,140,29
63,163,29
27,147,29
160,65,29
46,78,29
66,57,29
27,154,29
63,33,29
38,112,29
59,2,29
58,96,29
58,107,29
39,118,29
58,163,29
58,158,29
162,169,29
39,70,29
58,148,29
39,62,29
38,145,29
58,146,29
178,109,29
58,109,29
58,145,29
29,160,29
27,57,29
78,101,29
63,38,29
58,93,29
58,82,29
163,67,29
63,27,29
41,80,29
78,82,29
78,105,29
41,78,29
58,27,29
27,67,29
60,165,29
41,36,29
38,92,29
58,38,29
60,162,29
60,155,29
58,63,29
58,65,29
39,141,29
27,163,29
163,58,29
58,126,29
48,9,29
33,167,29
32,77,29
33,63,29
48,152,29
78,4,29
50,115,29
33,163,29
177,103,29
163,63,29
177,25,29
33,95,29
33,158,29
32,86,29
50,6,29
51,4,29
66,67,29
33,151,29
33,146,29
29,22,29
32,100,29
33,108,29
33,124,29
33,115,29
33,109,29
33,58,29
48,131,29
50,29,29
27,107,29
33,25,29
66,128,29
48,55,29
53,4,29
66,163,29
162,155,29
27,96,29
82,107,29
177,23,29
66,147,29
33,177,29
50,81,29
27,94,29
66,123,29
74,177,29
33,50,29
66,112,29
162,114,29
58,38,30
80,101,30
124,95,30
29,22,30
58,51,30
11,155,30
58,107,30
91,119,30
58,27,30
11,145,30
114,169,30
51,66,30
80,127,30
118,39,30
169,78,30
51,27,30
58,109,30
91,104,30
58,63,30
50,81,30
124,167,30
91,55,30
167,124,30
91,30,30
115,126,30
115,50,30
58,93,30
57,145,30
50,115,30
115,167,30
115,171,30
11,162,30
58,82,30
11,160,30
126,6,30
124,103,30
157,10,30
58,65,30
115,62,30
116,97,30
50,171,30
115,140,30
91,129,30
118,41,30
118,126,30
118,132,30
169,107,30
157,2,30
118,140,30
25,108,30
27,66,30
29,6,30
118,141,30
123,107,30
56,3,30
123,66,30
92,65,30
118,143,30
92,9,30
123,65,30
123,51,30
11,65,30
118,164,30
118,167,30
11,50,30
123,38,30
92,58,30
162,99,30
120,140,30
11,38,30
160,22,30
80,36,30
11,92,30
158,146,30
11,29,30
25,103,30
11,123,30
57,123,30
123,163,30
118,47,30
118,59,30
123,145,30
118,61,30
11,114,30
91,131,30
155,169,30
80,78,30
78,127,30
123,114,30
162,60,30
91,142,30
11,22,30
118,62,30
123,112,30
57,69,30
118,93,30
11,112,30
57,67,30
160,29,30
78,139,30
118,120,30
78,154,30
91,148,30
91,152,30
99,60,30
60,65,30
58,140,30
109,58,30
66,107,30
66,123,30
17,90,30
27,107,30
66,163,30
158,95,30
109,63,30
157,82,30
169,114,30
107,169,30
157,88,30
158,58,30
27,82,30
99,6,30
17,156,30
109,107,30
171,50,30
27,112,30
112,27,30
63,148,30
160,65,30
63,158,30
110,169,30
63,163,30
17,81,30
63,167,30
110,155,30
27,146,30
65,22,30
65,38,30
17,88,30
65,112,30
78,36,30
65,114,30
158,98,30
161,157,30
99,22,30
161,153,30
99,29,30
105,128,30
169,160,30
105,107,30
101,126,30
161,56,30
22,99,30
169,162,30
105,82,30
105,78,30
105,66,30
22,160,30
158,33,30
169,165,30
160,166,30
161,4,30
103,124,30
160,169,30
22,65,30
97,60,30
157,166,30
99,50,30
107,112,30
107,82,30
99,126,30
157,139,30
163,109,30
22,6,30
100,7,30
100,32,30
107,49,30
100,77,30
100,86,30
22,29,30
169,155,30
107,4,30
161,96,30
22,60,30
58,126,30
97,56,30
112,38,30
60,22,30
60,29,30
126,26,30
60,74,30
60,99,30
60,6,30
13,91,30
95,103,30
114,112,30
60,155,30
13,104,30
60,162,30
13,119,30
95,108,30
158,108,30
59,176,30
59,140,30
27,163,30
11,165,30
58,145,30
11,169,30
114,165,30
58,146,30
114,162,30
58,148,30
82,107,30
58,158,30
114,155,30
58,163,30
95,25,30
163,158,30
13,30,30
25,98,30
59,126,30
13,129,30
60,165,30
13,142,30
60,180,30
96,53,30
17,2,30
112,107,30
63,109,30
112,82,30
96,82,30
63,140,30
112,65,30
78,51,30
63,145,30
96,107,30
17,24,30
27,147,30
112,51,30
63,146,30
63,95,30
78,41,30
112,114,30
112,146,30
25,95,30
13,148,30
78,82,30
95,124,30
63,11,30
163,146,30
63,33,30
114,4,30
63,38,30
63,58,30
171,115,30
95,167,30
169,110,30
112,163,30
112,147,30
112,145,30
91,13,30
118,176,30
103,95,30
6,126,30
147,163,30
178,53,30
26,141,30
140,6,30
147,158,30
155,65,30
140,47,30
82,157,30
82,27,30
6,115,30
38,169,30
158,167,30
29,160,30
163,58,30
147,51,30
88,17,30
146,163,30
29,165,30
140,82,30
6,99,30
162,169,30
163,57,30
137,141,30
39,118,30
6,140,30
155,110,30
82,140,30
151,177,30
33,158,30
167,95,30
155,162,30
82,6,30
178,105,30
26,41,30
33,161,30
162,165,30
38,123,30
158,163,30
155,114,30
41,36,30
29,99,30
169,38,30
178,51,30
33,167,30
39,167,30
39,141,30
165,114,30
169,36,30
165,155,30
155,60,30
2,144,30
128,66,30
82,46,30
155,99,30
30,91,30
4,107,30
141,90,30
141,116,30
141,118,30
145,123,30
145,114,30
141,137,30
82,61,30
141,176,30
145,112,30
142,91,30
163,27,30
167,33,30
38,11,30
178,66,30
145,65,30
165,162,30
82,67,30
145,58,30
145,38,30
145,146,30
165,169,30
36,127,30
141,61,30
38,112,30
82,51,30
140,120,30
26,90,30
140,126,30
26,115,30
82,173,30
146,63,30
36,41,30
140,148,30
6,63,30
163,74,30
140,93,30
140,176,30
82,78,30
141,26,30
82,179,30
141,39,30
36,78,30
141,41,30
82,56,30
36,80,30
6,50,30
141,59,30
158,170,30
36,101,30
146,58,30
29,65,30
145,57,30
49,107,30
153,51,30
81,180,30
50,29,30
126,140,30
29,50,30
126,176,30
153,82,30
33,25,30
126,62,30
173,82,30
126,143,30
50,6,30
155,165,30
33,108,30
29,60,30
50,36,30
167,132,30
126,167,30
27,23,30
126,101,30
126,65,30
126,78,30
81,50,30
126,82,30
158,161,30
169,65,30
126,164,30
126,93,30
33,95,30
126,115,30
162,114,30
82,120,30
126,47,30
82,94,30
126,132,30
158,151,30
162,155,30
167,103,30
33,23,30
33,151,30
163,63,30
153,107,30
165,60,30
46,64,30
33,98,30
126,118,30
126,59,30
82,96,30
25,124,30
127,80,30
161,163,31
167,25,31
65,92,31
22,115,31
63,163,31
27,146,31
36,49,31
146,63,31
65,29,31
169,162,31
157,56,31
110,114,31
63,167,31
146,82,31
17,81,31
157,173,31
167,140,31
105,82,31
153,107,31
105,66,31
17,88,31
146,58,31
146,107,31
65,38,31
22,99,31
157,139,31
146,51,31
112,57,31
153,147,31
112,58,31
145,111,31
27,147,31
161,23,31
178,66,31
145,107,31
161,7,31
63,145,31
145,105,31
145,82,31
103,124,31
112,65,31
112,69,31
145,58,31
167,132,31
145,57,31
112,82,31
163,27,31
103,167,31
112,51,31
63,158,31
22,137,31
157,179,31
105,51,31
165,169,31
145,163,31
155,99,31
145,147,31
145,146,31
1,39,31
157,176,31
112,27,31
22,160,31
63,147,31
22,164,31
105,27,31
112,38,31
63,146,31
169,165,31
104,30,31
104,13,31
145,112,31
163,51,31
163,63,31
146,112,31
154,66,31
32,77,31
161,158,31
70,39,31
107,140,31
157,88,31
2,144,31
17,157,31
107,157,31
107,159,31
169,114,31
157,140,31
67,163,31
32,100,31
22,29,31
67,151,31
33,167,31
112,105,31
17,156,31
33,103,31
17,166,31
107,46,31
1,82,31
163,128,31
154,10,31
153,4,31
107,56,31
163,109,31
107,78,31
161,151,31
151,177,31
107,82,31
107,84,31
107,96,31
155,6,31
70,173,31
32,86,31
70,99,31
22,6,31
33,158,31
177,124,31
70,82,31
151,161,31
107,114,31
33,124,31
107,49,31
65,112,31
67,147,31
151,67,31
161,82,31
163,58,31
105,128,31
22,65,31
147,51,31
161,67,31
147,27,31
109,63,31
178,82,31
146,163,31
169,160,31
105,107,31
163,57,31
27,112,31
1,68,31
65,145,31
109,163,31
65,114,31
167,23,31
155,65,31
157,166,31
33,95,31
147,153,31
67,107,31
67,74,31
157,81,31
169,155,31
67,51,31
107,6,31
67,23,31
155,29,31
2,154,31
157,154,31
107,21,31
167,158,31
153,67,31
155,60,31
1,70,31
178,98,31
107,1,31
27,107,31
157,156,31
22,56,31
17,90,31
22,60,31
66,154,31
107,173,31
50,65,31
63,109,31
128,94,31
128,82,31
128,67,31
128,66,31
118,120,31
165,60,31
57,33,31
162,155,31
118,126,31
157,2,31
155,162,31
128,27,31
163,82,31
127,80,31
11,65,31
56,107,31
56,82,31
126,176,31
118,141,31
56,22,31
29,60,31
126,167,31
55,104,31
118,164,31
57,67,31
167,62,31
128,107,31
29,65,31
132,119,31
132,93,31
57,145,31
118,39,31
157,3,31
155,114,31
169,38,31
169,60,31
118,41,31
41,80,31
57,123,31
162,165,31
126,164,31
57,113,31
118,59,31
118,61,31
11,114,31
41,90,31
57,94,31
41,127,31
128,163,31
162,60,31
128,161,31
118,62,31
57,69,31
167,124,31
57,112,31
118,167,31
126,148,31
55,13,31
126,107,31
50,6,31
51,82,31
126,93,31
51,66,31
50,29,31
169,65,31
126,82,31
124,95,31
50,171,31
29,22,31
126,62,31
123,114,31
124,103,31
50,115,31
29,50,31
155,165,31
9,92,31
126,59,31
124,167,31
124,177,31
162,114,31
169,78,31
178,4,31
126,47,31
50,60,31
11,145,31
162,140,31
126,118,31
103,95,31
118,176,31
53,107,31
120,93,31
120,126,31
120,132,31
156,157,31
126,143,31
11,38,31
126,140,31
156,101,31
123,112,31
178,23,31
48,20,31
123,38,31
123,49,31
51,128,31
48,55,31
123,65,31
126,132,31
155,169,31
48,152,31
49,107,31
126,119,31
51,107,31
156,17,31
63,124,31
132,120,31
58,38,31
163,147,31
163,67,31
167,63,31
180,80,31
167,33,31
141,61,31
60,180,31
13,142,31
141,59,31
6,50,31
141,41,31
13,104,31
141,39,31
38,92,31
141,26,31
114,112,31
140,176,31
60,99,31
13,91,31
140,167,31
140,164,31
162,169,31
140,143,31
180,49,31
163,146,31
30,91,31
63,33,31
145,51,31
145,38,31
112,107,31
165,162,31
63,95,31
145,27,31
112,114,31
112,123,31
32,7,31
112,145,31
112,146,31
38,11,31
112,163,31
6,26,31
169,110,31
167,171,31
167,176,31
63,58,31
141,176,31
177,151,31
141,118,31
114,4,31
112,147,31
60,29,31
6,82,31
60,22,31
6,115,31
114,169,31
115,6,31
58,109,31
58,107,31
115,50,31
39,70,31
157,17,31
39,118,31
58,93,31
134,167,31
169,4,31
140,47,31
165,155,31
58,82,31
178,51,31
169,36,31
157,10,31
165,114,31
58,65,31
39,141,31
58,63,31
29,99,31
116,141,31
58,51,31
39,173,31
134,58,31
58,27,31
58,126,31
58,145,31
140,132,31
60,6,31
140,126,31
163,74,31
27,163,31
13,55,31
140,118,31
13,30,31
38,112,31
140,114,31
140,93,31
163,158,31
58,140,31
58,163,31
38,123,31
114,155,31
58,158,31
6,99,31
140,82,31
58,146,31
140,62,31
38,145,31
140,59,31
114,165,31
163,161,31
29,160,31
38,114,31
38,65,31
82,107,31
58,148,31
82,56,31
98,178,31
176,99,31
176,93,31
176,143,31
99,6,31
176,62,31
101,80,31
176,59,31
176,47,31
94,67,31
82,51,31
27,82,31
175,97,31
99,22,31
82,46,31
78,105,31
82,57,31
176,118,31
82,66,31
95,33,31
82,161,31
78,80,31
82,163,31
171,115,31
95,158,31
82,173,31
82,78,31
167,108,31
82,27,31
95,124,31
78,82,31
160,60,31
177,103,31
82,74,31
95,103,31
82,70,31
78,99,31
82,67,31
176,126,31
96,46,31
99,29,31
78,127,31
99,78,31
91,55,31
160,10,31
99,126,31
82,4,31
91,30,31
176,164,31
80,127,31
99,155,31
100,32,31
158,161,31
99,162,31
91,9,31
173,65,31
176,167,31
167,103,31
158,163,31
99,70,31
80,101,31
91,119,31
82,23,31
160,29,31
27,66,31
178,147,31
26,61,31
92,65,31
79,32,31
92,160,31
92,38,31
160,22,31
80,36,31
92,9,31
99,60,31
91,148,31
80,78,31
91,129,31
79,125,31
96,53,31
26,141,31
177,95,31
178,161,31
160,65,31
103,25,31
96,86,31
97,106,31
176,132,31
171,50,31
167,95,31
160,155,31
82,126,31
78,36,31
82,96,31
82,147,31
27,23,31
82,146,31
96,107,31
82,128,31
163,107,31
176,140,31
163,94,31
82,151,31
82,94,31
96,82,31
96,79,31
82,157,31
82,140,31
82,105,31
156,17,32
92,29,32
156,157,32
55,13,32
156,36,32
118,167,32
27,146,32
118,176,32
110,155,32
92,38,32
120,62,32
120,93,32
120,180,32
120,15,32
112,107,32
79,148,32
110,169,32
57,74,32
17,81,32
78,127,32
118,62,32
57,69,32
25,103,32
162,60,32
27,66,32
163,145,32
118,126,32
118,134,32
56,157,32
110,165,32
78,168,32
63,163,32
25,108,32
92,65,32
110,162,32
17,88,32
79,38,32
55,104,32
79,99,32
64,76,32
64,125,32
55,91,32
64,16,32
65,50,32
51,147,32
65,169,32
169,78,32
9,91,32
126,6,32
66,4,32
66,67,32
50,65,32
80,127,32
126,47,32
91,9,32
126,59,32
171,29,32
155,165,32
17,90,32
108,170,32
50,38,32
162,114,32
126,62,32
29,50,32
169,65,32
50,29,32
66,128,32
90,157,32
27,107,32
50,99,32
80,36,32
50,112,32
50,114,32
123,57,32
92,9,32
155,169,32
171,50,32
157,65,32
162,110,32
80,45,32
51,82,32
123,145,32
65,92,32
10,45,32
78,36,32
124,95,32
124,98,32
50,168,32
124,103,32
29,22,32
9,152,32
9,131,32
50,115,32
98,103,32
9,92,32
65,157,32
27,112,32
63,158,32
116,159,32
57,112,32
63,6,32
15,120,32
161,178,32
62,180,32
62,167,32
114,65,32
167,63,32
15,36,32
62,26,32
61,130,32
180,99,32
163,151,32
180,120,32
96,82,32
78,82,32
60,173,32
13,104,32
63,140,32
112,65,32
60,157,32
60,155,32
114,112,32
60,140,32
60,114,32
96,105,32
16,6,32
95,124,32
114,50,32
114,38,32
63,98,32
96,46,32
63,94,32
96,38,32
112,114,32
16,149,32
96,30,32
16,132,32
16,125,32
96,58,32
96,9,32
13,91,32
96,4,32
78,80,32
158,107,32
169,110,32
63,58,32
96,79,32
171,115,32
78,66,32
16,93,32
163,146,32
16,82,32
112,146,32
92,160,32
27,161,32
63,145,32
115,50,32
115,62,32
112,38,32
58,96,32
63,146,32
115,126,32
115,164,32
58,82,32
78,41,32
27,67,32
112,27,32
58,65,32
116,49,32
116,54,32
116,97,32
58,63,32
163,82,32
112,111,32
58,38,32
58,27,32
58,6,32
57,145,32
118,39,32
63,148,32
118,47,32
96,146,32
96,125,32
58,107,32
96,112,32
60,56,32
60,29,32
60,22,32
13,55,32
95,98,32
78,99,32
27,163,32
58,167,32
78,101,32
58,163,32
60,78,32
90,141,32
58,157,32
58,146,32
114,162,32
114,165,32
58,145,32
96,107,32
58,140,32
114,169,32
115,6,32
27,147,32
115,47,32
17,49,32
13,9,32
114,155,32
128,94,32
126,99,32
146,57,32
4,78,32
82,179,32
82,76,32
82,176,32
146,58,32
4,53,32
36,41,32
82,175,32
82,173,32
36,15,32
82,78,32
146,63,32
146,66,32
146,67,32
146,82,32
163,57,32
4,5,32
4,6,32
4,21,32
146,161,32
146,147,32
146,53,32
159,82,32
146,112,32
82,164,32
146,107,32
82,166,32
4,51,32
146,94,32
146,128,32
146,51,32
165,169,32
146,27,32
5,4,32
145,65,32
145,63,32
145,58,32
84,4,32
145,57,32
4,159,32
165,162,32
178,107,32
32,7,32
27,51,32
159,1,32
82,64,32
82,62,32
145,38,32
146,163,32
4,157,32
4,127,32
82,182,32
145,163,32
4,82,32
82,75,32
4,85,32
4,89,32
4,153,32
145,146,32
4,105,32
4,107,32
145,123,32
82,70,32
145,112,32
4,96,32
147,5,32
153,4,32
82,139,32
82,137,32
82,136,32
33,114,32
33,112,32
1,82,32
82,133,32
82,132,32
1,75,32
82,129,32
32,100,32
1,70,32
82,127,32
82,126,32
163,63,32
1,68,32
82,107,32
82,106,32
1,39,32
33,38,32
82,102,32
82,101,32
82,93,32
82,97,32
33,57,32
82,116,32
82,118,32
82,119,32
82,96,32
82,125,32
82,112,32
32,86,32
82,140,32
82,143,32
155,60,32
82,154,32
82,156,32
82,79,32
163,58,32
2,154,32
147,128,32
147,82,32
147,74,32
147,66,32
147,51,32
147,27,32
82,159,32
82,157,32
4,1,32
82,153,32
149,96,32
82,89,32
82,88,32
26,171,32
82,86,32
163,59,32
82,85,32
82,83,32
32,77,32
82,147,32
2,144,32
82,148,32
82,149,32
178,98,32
82,84,32
82,59,32
30,55,32
82,56,32
162,165,32
131,9,32
131,13,32
132,16,32
41,78,32
132,36,32
82,9,32
29,92,32
132,126,32
132,134,32
41,36,32
132,167,32
133,21,32
29,99,32
89,126,32
134,62,32
82,18,32
134,39,32
82,17,32
39,134,32
133,149,32
155,114,32
133,125,32
82,16,32
133,85,32
165,114,32
133,82,32
133,64,32
82,10,32
169,36,32
41,80,32
130,61,32
82,1,32
46,82,32
29,60,32
9,20,32
126,140,32
127,101,32
25,158,32
126,132,32
81,17,32
9,48,32
126,118,32
49,130,32
50,6,32
48,55,32
27,57,32
155,162,32
159,157,32
82,6,32
41,101,32
129,119,32
41,127,32
128,147,32
162,155,32
82,3,32
128,107,32
82,2,32
165,60,32
98,124,32
128,66,32
29,65,32
6,171,32
134,118,32
134,119,32
140,93,32
82,46,32
38,112,32
29,171,32
82,45,32
82,43,32
82,47,32
82,40,32
82,39,32
29,168,32
38,144,32
6,99,32
140,62,32
82,32,32
140,82,32
82,30,32
82,49,32
82,51,32
38,65,32
85,4,32
82,54,32
6,50,32
140,176,32
82,53,32
140,118,32
30,13,32
162,169,32
6,82,32
140,126,32
30,9,32
163,74,32
140,120,32
140,161,32
126,93,32
38,145,32
88,17,32
29,157,32
29,115,32
82,21,32
39,118,32
165,155,32
155,110,32
162,168,32
168,22,32
168,119,32
134,171,32
134,167,32
6,168,32
134,132,32
178,51,32
168,29,32
140,59,32
138,7,32
138,77,32
29,160,32
140,58,32
38,169,32
140,47,32
39,1,32
6,115,32
168,6,32
89,58,32
39,68,32
39,70,32
39,75,32
139,10,32
138,100,32
89,82,32
108,158,32
74,161,32
74,51,32
161,33,32
100,32,32
107,178,32
22,160,32
105,27,32
17,156,32
107,51,32
67,147,32
161,128,32
22,164,32
22,168,32
74,82,32
107,66,32
107,72,32
67,128,32
161,23,32
67,115,32
67,114,32
105,78,32
74,57,32
22,99,32
105,72,32
22,29,32
107,5,32
161,103,32
105,66,32
169,155,32
107,7,32
74,66,32
67,74,32
107,27,32
22,115,32
107,38,32
157,82,32
68,1,32
75,1,32
99,78,32
99,50,32
107,112,32
99,22,32
17,179,32
99,6,32
98,178,32
163,94,32
161,158,32
74,128,32
157,90,32
70,1,32
163,128,32
107,145,32
74,147,32
74,107,32
19,83,32
163,123,32
19,84,32
105,4,32
107,82,32
74,151,32
169,114,32
74,94,32
169,165,32
107,4,32
68,39,32
161,151,32
27,82,32
107,96,32
74,163,32
74,105,32
107,92,32
161,98,32
17,157,32
67,27,32
77,32,32
105,128,32
161,82,32
75,39,32
161,66,32
74,23,32
161,95,32
78,5,32
105,96,32
105,107,32
103,95,32
74,27,32
160,65,32
169,162,32
101,127,32
27,94,32
74,4,32
105,82,32
157,156,32
101,80,32
105,146,32
156,157,33
121,40,33
121,32,33
72,67,33
53,4,33
38,92,33
6,50,33
121,18,33
121,9,33
85,21,33
92,38,33
160,22,33
136,126,33
82,147,33
163,67,33
163,63,33
78,159,33
78,168,33
99,50,33
25,108,33
92,65,33
169,162,33
161,151,33
162,60,33
72,51,33
55,9,33
92,29,33
119,93,33
119,126,33
119,132,33
119,89,33
92,9,33
121,86,33
163,58,33
30,13,33
124,98,33
50,168,33
107,82,33
27,82,33
80,101,33
124,103,33
105,107,33
162,169,33
9,152,33
29,22,33
50,115,33
22,65,33
9,121,33
9,104,33
155,60,33
169,165,33
51,27,33
155,15,33
80,36,33
104,9,33
123,65,33
155,169,33
91,183,33
151,23,33
162,110,33
10,179,33
51,82,33
80,78,33
10,157,33
10,156,33
51,66,33
10,81,33
10,45,33
104,91,33
57,33,33
70,107,33
57,37,33
27,51,33
114,155,33
12,172,33
30,148,33
58,146,33
114,162,33
167,21,33
12,58,33
25,98,33
12,38,33
58,145,33
12,37,33
163,161,33
163,94,33
114,169,33
58,114,33
165,162,33
58,112,33
114,165,33
153,27,33
13,9,33
159,97,33
114,110,33
13,104,33
107,146,33
145,38,33
60,155,33
17,157,33
95,103,33
78,4,33
58,163,33
78,89,33
70,1,33
158,108,33
95,100,33
13,55,33
95,98,33
84,78,33
13,30,33
159,49,33
84,82,33
163,82,33
58,107,33
78,105,33
57,112,33
160,29,33
92,160,33
57,94,33
107,112,33
5,67,33
142,148,33
92,172,33
57,69,33
30,119,33
30,55,33
57,67,33
25,103,33
167,125,33
91,48,33
20,9,33
78,127,33
32,86,33
152,9,33
57,163,33
176,132,33
38,12,33
158,114,33
58,82,33
167,16,33
107,114,33
159,116,33
70,82,33
30,142,33
116,97,33
58,63,33
30,129,33
58,51,33
116,159,33
58,37,33
58,27,33
172,50,33
58,12,33
78,157,33
82,51,33
9,83,33
9,91,33
89,62,33
41,36,33
22,106,33
22,99,33
29,92,33
132,176,33
36,134,33
133,16,33
89,157,33
133,21,33
29,99,33
89,63,33
8,112,33
167,35,33
133,53,33
83,19,33
169,155,33
89,120,33
4,82,33
133,72,33
105,66,33
90,14,33
130,49,33
130,61,33
41,80,33
38,172,33
165,110,33
130,97,33
4,53,33
4,114,33
169,38,33
165,169,33
162,165,33
131,9,33
41,78,33
132,16,33
89,47,33
4,78,33
163,51,33
155,114,33
165,60,33
133,76,33
133,82,33
39,130,33
145,112,33
178,51,33
167,44,33
134,167,33
134,171,33
168,160,33
168,136,33
6,168,33
168,126,33
168,50,33
168,36,33
168,29,33
4,107,33
145,123,33
75,22,33
155,110,33
136,89,33
168,65,33
89,82,33
134,119,33
4,105,33
161,98,33
165,114,33
8,65,33
133,85,33
8,27,33
133,107,33
168,15,33
107,4,33
22,29,33
133,129,33
39,118,33
89,93,33
89,118,33
133,151,33
133,159,33
133,183,33
39,134,33
134,36,33
165,155,33
50,99,33
146,58,33
130,39,33
90,157,33
105,128,33
50,6,33
107,51,33
146,163,33
83,84,33
38,112,33
126,89,33
49,159,33
160,114,33
9,48,33
29,168,33
49,107,33
90,130,33
78,82,33
167,40,33
22,160,33
163,57,33
48,13,33
169,65,33
126,82,33
159,175,33
91,13,33
85,133,33
50,68,33
50,65,33
107,65,33
80,127,33
29,172,33
162,114,33
155,165,33
91,9,33
107,58,33
78,1,33
9,55,33
22,168,33
29,50,33
5,4,33
90,17,33
48,9,33
9,20,33
83,82,33
90,41,33
167,58,33
167,121,33
146,63,33
29,65,33
105,51,33
107,37,33
107,38,33
41,127,33
22,137,33
129,21,33
161,103,33
129,133,33
88,17,33
130,14,33
41,101,33
82,4,33
86,32,33
128,66,33
44,35,33
159,54,33
35,7,33
107,49,33
4,169,33
35,44,33
160,65,33
161,124,33
105,82,33
162,155,33
155,162,33
140,63,33
29,162,33
45,78,33
9,13,33
35,77,33
4,51,33
45,10,33
29,160,33
45,80,33
167,86,33
91,104,33
112,160,33
112,155,33
159,106,33
114,58,33
112,38,33
32,121,33
112,50,33
65,29,33
112,145,33
65,22,33
63,6,33
112,123,33
97,116,33
69,57,33
107,163,33
167,77,33
108,177,33
17,156,33
110,162,33
17,81,33
66,128,33
112,107,33
112,110,33
112,162,33
108,25,33
153,107,33
167,63,33
112,114,33
110,155,33
153,133,33
78,5,33
107,172,33
78,70,33
112,22,33
112,165,33
114,37,33
65,155,33
27,128,33
160,60,33
68,50,33
163,146,33
63,33,33
153,82,33
65,123,33
112,29,33
98,103,33
65,112,33
167,76,33
110,169,33
16,82,33
112,169,33
63,158,33
169,114,33
78,36,33
66,105,33
108,103,33
95,124,33
63,146,33
66,51,33
157,65,33
65,38,33
82,107,33
63,58,33
17,90,33
65,160,33
98,124,33
27,67,33
66,147,33
112,65,33
114,107,33
108,98,33
96,107,33
63,167,33
108,158,33
63,163,33
112,92,33
63,145,33
78,51,33
98,31,33
110,165,33
63,140,33
121,32,34
110,165,34
37,82,34
126,167,34
121,40,34
121,18,34
165,155,34
121,13,34
63,58,34
63,129,34
33,170,34
167,146,34
6,126,34
133,32,34
89,82,34
33,23,34
92,38,34
167,125,34
36,80,34
36,41,34
120,61,34
73,94,34
123,5,34
121,148,34
145,146,34
63,163,34
104,13,34
51,82,34
167,121,34
163,112,34
108,98,34
63,158,34
163,58,34
136,132,34
91,152,34
89,126,34
163,27,34
37,51,34
151,23,34
133,82,34
107,85,34
129,119,34
107,159,34
158,63,34
35,7,34
51,147,34
107,89,34
121,86,34
37,92,34
63,146,34
82,107,34
167,32,34
6,107,34
83,82,34
78,133,34
25,103,34
130,41,34
9,13,34
33,158,34
163,74,34
86,121,34
146,107,34
63,34,34
63,33,34
133,53,34
98,103,34
167,149,34
167,133,34
78,127,34
63,145,34
16,85,34
163,145,34
151,177,34
63,27,34
145,96,34
103,98,34
95,124,34
63,21,34
96,82,34
108,124,34
35,44,34
177,98,34
63,140,34
73,57,34
29,68,34
55,13,34
25,108,34
63,51,34
32,77,34
63,46,34
38,172,34
89,47,34
108,103,34
72,5,34
55,104,34
89,120,34
1,68,34
163,65,34
126,176,34
89,6,34
29,1,34
32,149,34
110,29,34
146,58,34
33,161,34
107,157,34
167,76,34
73,146,34
151,161,34
133,58,34
80,78,34
163,37,34
107,83,34
29,50,34
153,107,34
100,95,34
126,134,34
63,96,34
167,40,34
34,107,34
107,53,34
158,151,34
108,25,34
126,62,34
89,136,34
63,107,34
167,44,34
9,55,34
36,4,34
147,51,34
27,146,34
126,61,34
91,9,34
165,169,34
167,58,34
126,47,34
63,89,34
63,85,34
110,155,34
98,158,34
36,127,34
73,34,34
37,29,34
96,107,34
133,146,34
126,120,34
133,21,34
90,130,34
110,162,34
63,126,34
9,48,34
35,77,34
133,149,34
126,118,34
167,77,34
34,146,34
37,12,34
126,89,34
9,30,34
89,118,34
126,102,34
63,178,34
133,167,34
48,91,34
50,6,34
90,41,34
126,93,34
107,4,34
27,63,34
126,132,34
37,27,34
50,29,34
146,163,34
32,64,34
126,136,34
134,132,34
110,147,34
9,152,34
33,63,34
63,73,34
124,103,34
63,72,34
63,67,34
25,158,34
91,104,34
136,6,34
98,95,34
145,126,34
83,19,34
9,142,34
124,98,34
37,38,34
89,93,34
9,20,34
136,93,34
95,177,34
47,126,34
145,178,34
133,85,34
51,27,34
136,102,34
63,133,34
37,50,34
78,41,34
78,36,34
163,111,34
147,82,34
167,86,34
126,6,34
146,63,34
63,82,34
9,91,34
145,140,34
145,129,34
133,107,34
134,167,34
134,171,34
107,78,34
25,124,34
29,102,34
163,63,34
9,104,34
48,13,34
91,55,34
9,119,34
145,163,34
107,6,34
107,37,34
163,107,34
50,115,34
92,172,34
107,1,34
146,82,34
136,126,34
9,129,34
91,142,34
58,163,34
63,12,34
84,83,34
107,129,34
37,172,34
13,30,34
58,65,34
6,63,34
167,35,34
13,9,34
37,169,34
89,159,34
163,12,34
167,64,34
163,94,34
107,115,34
132,36,34
116,97,34
58,63,34
58,51,34
161,67,34
38,37,34
5,67,34
37,123,34
158,108,34
30,9,34
107,133,34
30,129,34
110,169,34
167,21,34
167,34,34
13,55,34
95,98,34
27,67,34
33,151,34
6,59,34
84,116,34
115,171,34
163,67,34
12,63,34
165,110,34
63,6,34
107,126,34
33,98,34
85,32,34
163,82,34
145,58,34
58,145,34
153,82,34
37,155,34
78,5,34
12,37,34
108,170,34
38,92,34
37,162,34
58,107,34
98,151,34
25,98,34
58,82,34
36,78,34
167,63,34
167,16,34
12,163,34
172,12,34
30,13,34
103,124,34
167,85,34
146,51,34
130,90,34
58,146,34
37,165,34
145,63,34
12,123,34
165,162,34
12,34,34
85,159,34
78,82,34
32,16,34
163,51,34
163,146,34
98,124,34
108,158,34
58,27,34
37,110,34
74,67,34
98,177,34
107,21,34
74,146,34
32,44,34
145,46,34
32,86,34
95,103,34
13,104,34
32,7,34
67,6,35
161,147,35
126,47,35
107,63,35
98,170,35
67,153,35
108,25,35
73,51,35
33,98,35
91,9,35
25,95,35
89,136,35
134,115,35
82,107,35
37,162,35
94,153,35
89,176,35
67,133,35
94,161,35
94,157,35
89,102,35
126,176,35
147,27,35
126,75,35
73,72,35
128,51,35
37,165,35
30,91,35
25,98,35
167,44,35
27,82,35
126,62,35
84,157,35
94,183,35
72,98,35
34,82,35
133,53,35
94,179,35
9,13,35
37,29,35
98,124,35
94,159,35
126,61,35
32,7,35
73,34,35
37,155,35
21,149,35
94,147,35
9,91,35
67,57,35
78,101,35
107,43,35
91,30,35
61,6,35
27,147,35
134,167,35
94,146,35
72,74,35
107,37,35
153,147,35
94,134,35
14,130,35
84,16,35
167,16,35
34,63,35
134,171,35
167,76,35
12,37,35
74,73,35
9,104,35
12,34,35
94,151,35
98,25,35
125,133,35
126,1,35
83,16,35
72,82,35
67,5,35
25,177,35
17,156,35
67,161,35
110,155,35
74,27,35
126,39,35
155,162,35
91,13,35
74,82,35
34,73,35
89,120,35
12,63,35
183,28,35
108,170,35
63,144,35
134,132,35
126,6,35
12,57,35
128,5,35
146,63,35
35,44,35
29,49,35
159,175,35
147,82,35
63,82,35
67,158,35
171,174,35
84,127,35
67,4,35
167,86,35
13,55,35
33,103,35
126,148,35
63,148,35
63,136,35
167,149,35
74,57,35
167,40,35
133,134,35
171,50,35
74,37,35
126,120,35
67,146,35
108,158,35
165,162,35
110,162,35
126,119,35
159,97,35
74,128,35
30,142,35
84,83,35
133,21,35
34,167,35
95,98,35
4,41,35
37,172,35
25,124,35
9,20,35
95,100,35
171,62,35
161,158,35
38,12,35
172,29,35
133,107,35
25,158,35
126,136,35
167,21,35
38,37,35
89,126,35
107,149,35
133,85,35
67,107,35
126,134,35
158,108,35
167,77,35
133,121,35
126,132,35
108,33,35
73,27,35
30,129,35
167,85,35
126,118,35
133,82,35
161,23,35
67,147,35
110,165,35
29,50,35
95,23,35
29,110,35
72,133,35
5,147,35
67,73,35
134,34,35
103,98,35
67,72,35
72,107,35
50,29,35
146,73,35
73,63,35
126,89,35
13,104,35
63,107,35
23,95,35
17,10,35
83,19,35
172,38,35
34,107,35
95,103,35
72,153,35
133,78,35
126,93,35
90,130,35
133,149,35
72,169,35
98,158,35
29,106,35
34,146,35
9,48,35
37,169,35
95,31,35
165,110,35
29,68,35
23,124,35
13,30,35
165,169,35
84,90,35
37,12,35
74,161,35
126,102,35
91,55,35
1,82,35
90,41,35
73,57,35
50,6,35
161,51,35
13,9,35
98,33,35
18,86,35
94,132,35
12,33,35
103,108,35
67,82,35
94,15,35
37,92,35
63,146,35
6,115,35
100,95,35
25,108,35
63,51,35
72,51,35
55,13,35
89,54,35
103,170,35
94,7,35
28,133,35
110,29,35
6,113,35
161,94,35
33,151,35
89,12,35
73,107,35
72,5,35
74,5,35
82,51,35
32,77,35
116,118,35
55,30,35
116,126,35
161,151,35
63,12,35
120,68,35
95,170,35
23,170,35
33,177,35
94,37,35
121,40,35
116,16,35
134,174,35
94,36,35
116,39,35
6,63,35
37,82,35
94,34,35
16,116,35
63,9,35
116,47,35
73,94,35
167,35,35
94,19,35
94,21,35
94,23,35
37,123,35
95,151,35
130,14,35
153,90,35
94,27,35
94,32,35
6,126,35
30,9,35
90,17,35
165,155,35
37,8,35
116,49,35
94,6,35
85,133,35
116,157,35
18,32,35
167,64,35
73,161,35
78,127,35
73,158,35
152,30,35
74,51,35
74,69,35
103,158,35
172,50,35
16,84,35
74,67,35
74,107,35
32,86,35
172,92,35
86,32,35
98,103,35
92,172,35
152,9,35
67,27,35
76,85,35
95,124,35
78,4,35
159,116,35
76,53,35
82,6,35
67,94,35
63,27,35
151,177,35
118,61,35
29,171,35
76,16,35
76,149,35
28,153,35
73,146,35
116,159,35
16,93,35
73,133,35
6,107,35
67,34,35
6,82,35
67,37,35
29,172,35
83,126,35
146,34,35
28,183,35
1,68,35
161,67,35
37,73,35
94,5,35
94,4,35
130,41,35
16,83,35
152,91,35
37,110,35
167,6,35
29,165,35
167,121,35
33,158,35
23,103,35
167,34,35
116,176,35
67,33,35
94,1,35
67,89,35
63,34,35
110,169,35
132,119,35
4,80,35
94,89,35
38,92,35
136,63,35
155,110,35
98,95,35
136,61,35
136,89,35
132,134,35
115,6,35
85,32,35
94,90,35
161,33,35
50,172,35
124,98,35
91,104,35
37,38,35
51,5,35
136,118,35
94,78,35
121,133,35
51,37,35
74,94,35
94,86,35
136,102,35
51,27,35
6,50,35
136,99,35
67,23,35
94,85,35
16,49,35
94,83,35
136,120,35
136,6,35
159,49,35
34,38,35
94,129,35
94,130,35
94,131,35
50,115,35
74,147,35
94,128,35
63,73,35
98,72,35
72,73,35
27,51,35
85,21,35
94,133,35
34,51,35
63,6,35
9,131,35
78,36,35
157,84,35
34,37,35
94,102,35
94,107,35
28,107,35
124,103,35
94,118,35
9,152,35
94,120,35
16,125,35
94,126,35
36,78,35
94,115,35
51,67,35
94,82,35
167,125,35
103,25,35
94,62,35
107,116,35
34,12,35
136,132,35
51,128,35
129,119,35
94,61,35
78,80,35
94,57,35
51,107,35
91,142,35
155,169,35
16,64,35
94,53,35
37,51,35
23,98,35
123,73,35
159,54,35
167,32,35
94,51,35
1,107,35
83,42,35
123,57,35
37,50,35
51,147,35
33,23,35
51,153,35
67,51,35
5,51,35
104,13,35
116,10,35
121,148,35
30,13,35
16,118,35
103,124,35
29,115,35
73,82,35
94,73,35
34,27,35
94,69,35
85,51,35
37,57,35
136,126,35
94,41,35
51,82,35
94,72,35
94,42,35
132,148,36
132,119,36
132,136,36
107,5,36
107,10,36
17,81,36
82,183,36
23,151,36
146,12,36
146,51,36
133,21,36
170,98,36
41,14,36
146,27,36
40,121,36
40,18,36
162,165,36
146,34,36
108,33,36
132,126,36
41,78,36
107,6,36
110,169,36
98,23,36
146,37,36
171,50,36
132,176,36
133,34,36
41,36,36
177,103,36
89,157,36
132,134,36
132,62,36
89,126,36
61,47,36
17,84,36
6,107,36
108,103,36
73,128,36
73,146,36
83,82,36
38,144,36
38,172,36
73,147,36
86,32,36
98,103,36
183,85,36
6,89,36
29,171,36
73,161,36
161,73,36
183,82,36
77,32,36
161,94,36
39,75,36
37,74,36
138,35,36
73,94,36
6,126,36
39,70,36
39,1,36
74,51,36
165,155,36
39,68,36
110,38,36
39,15,36
6,115,36
73,107,36
89,82,36
6,82,36
82,51,36
6,27,36
84,85,36
17,90,36
170,177,36
30,129,36
38,12,36
84,90,36
108,158,36
74,37,36
5,147,36
30,142,36
98,124,36
32,7,36
84,82,36
27,82,36
5,51,36
171,29,36
74,5,36
6,63,36
30,9,36
37,123,36
98,113,36
23,161,36
30,13,36
162,169,36
38,92,36
169,162,36
78,5,36
74,23,36
158,170,36
74,27,36
73,82,36
82,21,36
106,29,36
6,136,36
133,146,36
133,149,36
29,106,36
108,98,36
133,159,36
37,12,36
110,162,36
33,23,36
7,76,36
7,32,36
77,44,36
37,27,36
134,39,36
134,47,36
133,183,36
133,129,36
82,107,36
133,125,36
74,153,36
169,110,36
133,53,36
98,128,36
133,64,36
110,165,36
133,82,36
133,85,36
98,31,36
107,4,36
83,19,36
133,107,36
4,101,36
169,36,36
133,121,36
134,61,36
74,57,36
134,62,36
134,93,36
136,6,36
155,110,36
136,63,36
82,70,36
78,36,36
136,82,36
37,38,36
136,120,36
136,126,36
17,88,36
6,149,36
39,118,36
136,93,36
161,51,36
134,176,36
153,147,36
6,174,36
134,102,36
39,130,36
134,118,36
37,33,36
134,120,36
134,126,36
110,155,36
169,155,36
134,132,36
134,136,36
89,93,36
98,33,36
107,1,36
134,89,36
171,62,36
126,119,36
73,57,36
120,89,36
72,51,36
120,93,36
107,157,36
120,126,36
107,93,36
121,18,36
74,94,36
78,80,36
121,40,36
53,82,36
113,98,36
95,170,36
121,133,36
107,89,36
121,183,36
169,165,36
80,36,36
151,33,36
34,12,36
51,107,36
107,85,36
121,64,36
151,23,36
103,108,36
25,103,36
33,158,36
57,33,36
118,126,36
118,134,36
78,159,36
82,85,36
57,12,36
16,93,36
158,23,36
28,183,36
103,25,36
32,77,36
72,5,36
80,4,36
55,13,36
103,170,36
107,101,36
25,108,36
63,51,36
33,161,36
123,73,36
155,169,36
107,84,36
124,108,36
16,126,36
124,113,36
34,38,36
50,115,36
74,151,36
91,55,36
63,73,36
74,89,36
124,103,36
169,172,36
124,170,36
34,63,36
78,2,36
9,91,36
82,157,36
169,78,36
63,82,36
78,1,36
126,6,36
98,170,36
107,78,36
9,152,36
50,172,36
124,98,36
107,21,36
51,94,36
107,159,36
51,82,36
107,83,36
51,73,36
162,110,36
80,78,36
16,118,36
104,55,36
124,23,36
124,25,36
34,27,36
51,5,36
91,104,36
153,183,36
50,174,36
107,82,36
183,153,36
63,34,36
74,82,36
70,107,36
57,37,36
82,133,36
107,149,36
62,132,36
13,9,36
107,128,36
177,151,36
12,146,36
12,123,36
15,70,36
158,108,36
107,127,36
15,75,36
183,149,36
12,73,36
12,63,36
107,153,36
33,108,36
12,57,36
12,38,36
12,37,36
1,68,36
169,133,36
107,126,36
13,30,36
95,31,36
33,98,36
107,147,36
13,142,36
61,118,36
74,146,36
1,70,36
78,82,36
171,174,36
61,126,36
153,72,36
62,126,36
15,1,36
25,95,36
70,1,36
74,128,36
95,100,36
15,39,36
107,133,36
1,75,36
95,98,36
13,55,36
107,129,36
13,91,36
94,123,36
63,6,36
115,6,36
33,151,36
118,16,36
16,83,36
25,98,36
18,40,36
32,86,36
93,82,36
118,39,36
93,72,36
57,123,36
116,176,36
172,50,36
74,107,36
151,177,36
63,27,36
95,124,36
57,69,36
78,127,36
82,89,36
158,25,36
19,84,36
103,33,36
18,121,36
116,159,36
116,157,36
16,47,36
28,121,36
107,123,36
115,50,36
74,161,36
78,101,36
82,126,36
103,124,36
107,115,36
115,171,36
115,174,36
116,10,36
116,39,36
116,47,36
70,82,36
116,54,36
63,12,36
103,113,36
183,133,36
116,118,36
116,126,36
74,147,36
171,115,36
126,39,36
80,101,36
146,73,36
73,27,36
126,132,36
130,41,36
33,37,36
126,134,36
90,14,36
74,73,36
1,39,36
107,43,36
146,107,36
41,130,36
126,136,36
103,23,36
82,1,36
34,167,36
158,33,36
41,80,36
90,130,36
126,118,36
90,43,36
98,177,36
35,44,36
48,152,36
90,45,36
73,5,36
126,129,36
100,95,36
9,30,36
146,94,36
108,25,36
126,120,36
34,146,36
155,162,36
78,41,36
183,107,36
129,126,36
165,169,36
129,119,36
23,177,36
25,158,36
103,98,36
74,69,36
41,127,36
90,88,36
146,133,36
90,81,36
107,49,36
90,84,36
9,13,36
9,20,36
129,133,36
90,17,36
63,136,36
25,124,36
130,39,36
48,9,36
126,176,36
174,115,36
63,146,36
130,14,36
81,17,36
176,126,36
174,62,36
98,151,36
126,148,36
41,101,36
146,63,36
49,107,36
35,21,36
63,107,36
77,86,36
9,55,36
130,118,36
50,29,36
4,53,36
183,21,36
126,89,36
34,107,36
9,48,36
82,78,36
183,15,36
126,82,36
90,41,36
90,157,36
165,110,36
35,138,36
23,33,36
126,61,36
90,179,36
4,51,36
126,62,36
107,53,36
34,82,36
90,182,36
72,93,36
170,113,36
63,148,36
35,77,36
91,9,36
90,2,36
80,127,36
174,171,36
107,174,36
153,107,36
90,10,36
126,102,36
174,6,36
146,82,36
82,6,36
78,4,36
74,72,36
126,93,36
34,73,36
36,78,36
73,37,36
63,89,36
82,159,36
155,165,36
34,133,36
130,90,36
162,155,36
126,47,36
29,50,36
73,51,36
36,80,37
169,162,37
102,136,37
74,151,37
161,33,37
153,121,37
183,133,37
165,162,37
1,88,37
153,32,37
153,125,37
74,161,37
153,156,37
146,63,37
33,37,37
103,113,37
83,159,37
5,37,37
37,123,37
153,138,37
103,124,37
153,157,37
35,149,37
82,126,37
33,95,37
32,86,37
153,27,37
83,5,37
33,108,37
147,72,37
102,118,37
153,53,37
153,54,37
159,49,37
153,57,37
146,51,37
74,128,37
153,159,37
36,78,37
153,74,37
153,61,37
153,73,37
153,130,37
5,78,37
153,75,37
153,72,37
5,82,37
170,33,37
5,83,37
153,62,37
153,68,37
153,64,37
37,172,37
5,94,37
153,128,37
102,47,37
33,98,37
176,134,37
74,146,37
153,70,37
159,78,37
102,62,37
1,68,37
153,36,37
153,37,37
153,127,37
153,161,37
4,80,37
153,39,37
153,40,37
153,41,37
153,43,37
153,45,37
146,27,37
1,82,37
1,39,37
84,10,37
176,132,37
153,80,37
146,34,37
153,49,37
4,78,37
153,78,37
158,33,37
36,49,37
5,51,37
153,77,37
153,51,37
153,76,37
74,69,37
153,47,37
153,183,37
146,73,37
34,133,37
4,107,37
161,51,37
153,107,37
37,50,37
82,159,37
159,82,37
34,146,37
153,151,37
74,51,37
151,23,37
176,126,37
153,102,37
151,33,37
169,165,37
151,73,37
105,27,37
37,57,37
153,101,37
4,101,37
153,100,37
4,41,37
165,169,37
151,98,37
33,170,37
153,94,37
153,93,37
37,82,37
161,23,37
37,12,37
148,82,37
37,38,37
82,72,37
34,72,37
34,73,37
147,82,37
82,157,37
74,82,37
147,94,37
34,63,37
147,51,37
169,172,37
105,78,37
74,78,37
159,126,37
34,82,37
74,94,37
74,89,37
147,153,37
34,107,37
1,43,37
153,106,37
153,147,37
33,12,37
82,119,37
153,149,37
147,183,37
2,154,37
34,27,37
147,5,37
23,33,37
103,177,37
33,23,37
153,90,37
74,73,37
33,57,37
153,82,37
155,99,37
146,94,37
151,177,37
35,76,37
146,82,37
152,9,37
74,57,37
105,82,37
152,20,37
152,48,37
33,151,37
103,158,37
153,116,37
153,1,37
183,153,37
74,72,37
158,25,37
74,107,37
153,4,37
4,51,37
153,5,37
153,7,37
153,10,37
153,175,37
153,18,37
152,91,37
153,21,37
37,107,37
146,107,37
151,113,37
158,23,37
82,147,37
33,8,37
103,170,37
103,108,37
103,98,37
32,44,37
151,153,37
74,147,37
32,77,37
82,84,37
83,82,37
153,89,37
33,161,37
146,133,37
37,92,37
82,78,37
177,103,37
35,7,37
33,158,37
74,105,37
151,161,37
153,86,37
102,176,37
82,107,37
35,21,37
153,85,37
75,39,37
34,12,37
108,124,37
159,45,37
57,37,37
57,51,37
78,127,37
92,133,37
118,116,37
57,69,37
78,126,37
172,92,37
19,9,37
57,94,37
78,105,37
172,50,37
18,121,37
92,172,37
57,123,37
118,119,37
93,49,37
57,33,37
80,4,37
107,105,37
55,91,37
55,104,37
72,4,37
21,7,37
23,151,37
29,6,37
172,126,37
28,183,37
78,159,37
57,12,37
57,23,37
78,157,37
118,126,37
161,151,37
118,174,37
118,39,37
25,98,37
116,97,37
116,47,37
70,75,37
116,39,37
116,10,37
115,174,37
115,171,37
78,101,37
115,126,37
17,175,37
115,62,37
94,73,37
115,50,37
94,7,37
18,64,37
116,118,37
17,182,37
18,40,37
57,161,37
93,89,37
93,120,37
93,126,37
158,124,37
118,16,37
172,38,37
116,176,37
70,94,37
116,159,37
116,157,37
116,130,37
116,126,37
28,133,37
172,147,37
55,9,37
92,50,37
91,55,37
177,124,37
50,115,37
80,101,37
124,113,37
21,133,37
124,103,37
74,153,37
9,152,37
50,172,37
124,98,37
50,174,37
124,95,37
107,82,37
91,104,37
162,110,37
107,78,37
72,82,37
91,9,37
126,39,37
155,165,37
126,16,37
91,20,37
21,149,37
5,107,37
126,1,37
107,73,37
169,78,37
78,1,37
9,91,37
124,177,37
91,30,37
91,48,37
80,84,37
51,4,37
155,172,37
123,12,37
121,40,37
121,18,37
78,2,37
80,10,37
120,136,37
120,134,37
120,132,37
92,38,37
119,148,37
25,108,37
119,129,37
177,158,37
53,183,37
157,126,37
51,128,37
80,36,37
177,23,37
10,45,37
124,25,37
51,27,37
21,76,37
80,78,37
10,84,37
107,123,37
80,41,37
177,33,37
91,152,37
155,169,37
123,72,37
25,113,37
51,82,37
126,47,37
115,47,37
115,6,37
63,82,37
16,149,37
158,73,37
63,98,37
63,103,37
17,2,37
98,158,37
63,107,37
63,136,37
170,158,37
157,82,37
78,49,37
108,23,37
78,45,37
78,43,37
63,73,37
78,41,37
16,126,37
98,170,37
157,43,37
113,124,37
63,51,37
68,39,37
113,103,37
113,100,37
113,98,37
95,170,37
113,8,37
16,120,37
95,177,37
158,103,37
68,15,37
113,128,37
108,25,37
161,177,37
17,88,37
78,4,37
110,50,37
110,38,37
110,29,37
98,103,37
98,108,37
78,10,37
98,113,37
78,5,37
23,158,37
108,158,37
98,124,37
158,98,37
63,146,37
98,95,37
110,155,37
171,62,37
63,148,37
78,36,37
110,172,37
110,169,37
23,161,37
171,50,37
98,25,37
17,81,37
17,84,37
169,110,37
110,165,37
63,170,37
110,162,37
108,98,37
98,33,37
113,151,37
113,170,37
113,177,37
95,94,37
170,100,37
70,15,37
13,55,37
95,98,37
107,133,37
172,29,37
95,100,37
70,1,37
171,174,37
13,91,37
69,172,37
17,157,37
107,146,37
13,104,37
95,33,37
78,82,37
13,30,37
158,108,37
12,37,37
70,68,37
94,146,37
12,57,37
12,82,37
12,107,37
12,123,37
12,147,37
12,172,37
70,43,37
107,128,37
95,25,37
70,39,37
172,37,37
95,108,37
98,177,37
16,47,37
63,6,37
16,62,37
69,22,37
69,12,37
69,8,37
16,82,37
16,83,37
63,12,37
63,27,37
95,124,37
78,80,37
171,115,37
63,34,37
16,93,37
16,19,37
69,38,37
16,6,37
107,153,37
107,147,37
14,130,37
61,47,37
61,62,37
61,118,37
61,126,37
69,123,37
115,34,37
15,1,37
15,39,37
177,151,37
62,93,37
62,126,37
69,112,37
62,148,37
69,57,37
62,47,37
126,49,37
126,6,37
126,61,37
6,174,37
73,63,37
7,21,37
169,29,37
133,183,37
7,76,37
29,106,37
7,94,37
133,147,37
7,149,37
133,121,37
169,36,37
133,107,37
133,92,37
39,130,37
133,85,37
89,93,37
134,120,37
136,118,37
183,41,37
136,102,37
136,99,37
136,93,37
136,89,37
106,49,37
136,63,37
136,62,37
136,47,37
155,110,37
136,6,37
77,35,37
169,155,37
39,126,37
136,120,37
107,4,37
133,82,37
132,119,37
132,118,37
73,57,37
132,102,37
132,101,37
132,93,37
89,157,37
132,89,37
132,62,37
132,61,37
132,54,37
132,47,37
132,45,37
41,36,37
183,38,37
132,120,37
132,130,37
183,28,37
133,38,37
165,110,37
183,21,37
107,5,37
133,21,37
89,126,37
132,176,37
41,4,37
132,159,37
132,157,37
132,148,37
89,136,37
132,136,37
107,6,37
132,126,37
132,41,37
183,49,37
158,170,37
30,13,37
84,179,37
74,23,37
162,169,37
176,116,37
161,57,37
176,102,37
38,92,37
74,5,37
82,51,37
30,9,37
176,62,37
105,107,37
84,157,37
6,63,37
30,91,37
5,128,37
159,1,37
30,183,37
74,37,37
5,147,37
6,16,37
38,12,37
30,129,37
84,82,37
30,119,37
176,118,37
74,27,37
158,177,37
6,27,37
136,126,37
183,82,37
177,98,37
105,161,37
161,94,37
73,94,37
6,126,37
73,89,37
73,82,37
89,82,37
29,115,37
106,29,37
157,159,37
6,136,37
39,118,37
136,176,37
136,172,37
165,155,37
38,110,37
6,115,37
89,1,37
29,172,37
6,82,37
73,161,37
6,84,37
6,89,37
6,93,37
73,153,37
105,128,37
86,32,37
73,147,37
76,133,37
73,146,37
29,165,37
82,37,37
73,123,37
6,107,37
162,165,37
132,99,37
132,36,37
9,13,37
126,157,37
107,49,37
126,148,37
81,17,37
126,159,37
47,126,37
25,124,37
9,20,37
165,29,37
174,50,37
126,136,37
126,134,37
73,34,37
126,132,37
90,88,37
47,61,37
128,5,37
127,99,37
127,80,37
174,115,37
127,78,37
155,162,37
47,62,37
126,176,37
158,161,37
126,172,37
132,39,37
90,84,37
174,62,37
25,158,37
45,159,37
49,36,37
159,172,37
72,147,37
72,123,37
126,89,37
50,29,37
126,82,37
29,50,37
90,157,37
158,151,37
126,62,37
90,179,37
90,182,37
170,98,37
80,127,37
126,78,37
174,47,37
50,6,37
107,51,37
126,120,37
126,119,37
126,118,37
177,113,37
49,107,37
49,159,37
126,93,37
90,130,37
174,6,37
80,179,37
80,157,37
9,48,37
126,102,37
126,116,37
45,84,37
90,81,37
128,27,37
129,93,37
90,17,37
82,5,37
73,51,37
128,161,37
41,127,37
128,147,37
41,130,37
90,45,37
128,113,37
107,37,37
43,1,37
41,101,37
130,14,37
130,39,37
41,90,37
132,6,37
41,78,37
130,159,37
130,132,37
130,116,37
128,107,37
90,2,37
107,23,37
182,90,37
130,49,37
41,80,37
90,10,37
107,27,37
130,41,37
130,90,37
43,51,37
127,43,37
43,157,37
128,51,37
162,155,37
45,10,37
128,74,37
174,171,37
128,82,37
128,73,37
45,43,37
128,94,37
128,69,37
43,107,37
43,82,37
43,70,37
159,157,37
128,37,37
128,57,37
43,78,37
90,41,37
90,43,37
162,172,38
159,49,38
162,169,38
155,162,38
165,155,38
161,23,38
155,133,38
162,165,38
158,151,38
155,110,38
155,165,38
158,23,38
159,82,38
161,51,38
158,25,38
158,98,38
158,177,38
157,159,38
161,158,38
162,29,38
157,84,38
161,151,38
165,162,38
157,172,38
158,103,38
161,82,38
153,183,38
162,155,38
165,110,38
165,169,38
157,82,38
155,169,38
155,38,38
157,126,38
162,110,38
157,43,38
157,2,38
161,177,38
158,108,38
158,124,38
162,106,38
157,81,38
158,170,38
0,9,38
153,157,38
78,4,38
177,98,38
75,39,38
177,103,38
74,181,38
74,161,38
74,147,38
74,128,38
74,107,38
74,105,38
74,94,38
74,82,38
74,73,38
74,69,38
74,57,38
74,51,38
74,37,38
74,5,38
73,181,38
78,5,38
78,36,38
78,41,38
78,80,38
82,84,38
82,78,38
82,51,38
82,37,38
82,6,38
82,1,38
81,157,38
80,179,38
80,127,38
80,101,38
73,146,38
80,84,38
80,78,38
80,72,38
80,41,38
80,36,38
177,33,38
80,4,38
78,157,38
78,127,38
78,107,38
78,82,38
177,23,38
82,94,38
73,123,38
73,105,38
63,146,38
63,136,38
63,73,38
63,34,38
63,33,38
63,6,38
62,171,38
62,126,38
62,90,38
177,151,38
62,47,38
61,118,38
57,123,38
57,69,38
57,37,38
54,51,38
177,158,38
177,161,38
53,7,38
51,175,38
63,148,38
63,181,38
64,32,38
68,15,38
73,94,38
73,82,38
73,57,38
73,51,38
73,38,38
72,161,38
72,82,38
72,5,38
73,107,38
70,157,38
70,82,38
70,68,38
70,51,38
70,43,38
70,39,38
70,1,38
69,165,38
69,57,38
68,39,38
70,101,38
82,107,38
82,126,38
82,129,38
172,50,38
172,106,38
172,107,38
92,38,38
92,29,38
172,151,38
90,176,38
90,174,38
90,148,38
90,136,38
174,6,38
90,130,38
174,29,38
90,126,38
90,120,38
90,119,38
90,118,38
90,115,38
90,102,38
92,172,38
93,61,38
93,82,38
93,89,38
98,108,38
98,103,38
98,95,38
98,8,38
97,54,38
95,177,38
171,62,38
95,170,38
95,151,38
95,124,38
174,50,38
171,115,38
95,103,38
171,174,38
95,98,38
172,29,38
95,25,38
172,37,38
94,73,38
94,57,38
94,51,38
172,38,38
171,134,38
90,93,38
90,89,38
84,93,38
84,82,38
84,81,38
84,80,38
84,78,38
84,49,38
84,45,38
84,43,38
84,16,38
84,10,38
84,127,38
84,6,38
83,82,38
83,19,38
82,181,38
82,161,38
82,159,38
82,157,38
176,126,38
82,147,38
82,146,38
82,133,38
84,2,38
51,105,38
84,149,38
176,116,38
174,62,38
90,62,38
90,61,38
174,115,38
90,47,38
90,41,38
174,171,38
90,17,38
90,16,38
175,51,38
84,157,38
90,6,38
175,94,38
89,157,38
89,93,38
89,82,38
89,54,38
89,51,38
89,36,38
89,1,38
85,159,38
153,159,38
175,82,38
98,113,38
51,89,38
50,174,38
16,82,38
15,75,38
15,39,38
14,130,38
14,90,38
13,104,38
13,91,38
13,55,38
13,30,38
13,9,38
12,123,38
12,37,38
10,101,38
9,152,38
9,91,38
181,51,38
181,82,38
9,48,38
9,30,38
181,107,38
179,84,38
16,84,38
16,93,38
179,43,38
23,161,38
23,158,38
23,151,38
23,33,38
21,149,38
21,133,38
21,76,38
21,7,38
9,20,38
17,179,38
17,157,38
17,90,38
17,88,38
17,84,38
17,81,38
17,45,38
17,10,38
16,126,38
17,182,38
25,98,38
9,0,38
5,37,38
4,179,38
4,157,38
4,127,38
4,101,38
4,84,38
4,80,38
4,78,38
4,70,38
4,51,38
4,45,38
4,41,38
4,10,38
4,1,38
2,43,38
1,82,38
1,70,38
1,43,38
1,39,38
183,153,38
0,91,38
5,51,38
5,72,38
5,73,38
5,82,38
182,90,38
182,94,38
8,170,38
182,136,38
8,124,38
8,113,38
8,108,38
8,103,38
8,98,38
8,33,38
182,17,38
7,149,38
6,174,38
6,149,38
6,126,38
6,115,38
6,82,38
6,63,38
6,34,38
5,147,38
5,128,38
5,107,38
7,53,38
25,158,38
28,107,38
41,101,38
41,90,38
41,80,38
41,78,38
41,36,38
39,130,38
39,118,38
39,75,38
39,68,38
39,61,38
39,15,38
38,172,38
38,133,38
38,110,38
38,107,38
38,92,38
38,35,38
37,172,38
37,169,38
41,127,38
41,130,38
43,1,38
50,172,38
50,115,38
50,107,38
50,37,38
50,29,38
50,6,38
49,159,38
49,107,38
49,93,38
37,165,38
49,36,38
48,9,38
45,43,38
43,175,38
43,127,38
43,84,38
43,82,38
43,78,38
43,45,38
48,152,38
37,162,38
37,155,38
37,123,38
32,121,38
32,77,38
32,64,38
32,44,38
32,35,38
32,21,38
31,161,38
31,151,38
30,148,38
30,142,38
32,149,38
30,91,38
30,13,38
30,9,38
29,174,38
29,172,38
29,165,38
29,106,38
29,50,38
28,153,38
28,133,38
30,55,38
51,70,38
33,8,38
33,98,38
37,110,38
37,107,38
37,92,38
37,82,38
37,50,38
37,38,38
37,29,38
37,12,38
37,8,38
33,23,38
36,78,38
34,158,38
34,146,38
34,134,38
34,133,38
34,107,38
34,82,38
34,73,38
34,63,38
33,158,38
33,151,38
36,49,38
171,6,38
84,179,38
95,100,38
169,38,38
130,157,38
108,98,38
130,179,38
108,124,38
108,33,38
108,25,38
133,21,38
108,8,38
133,35,38
107,181,38
133,38,38
130,182,38
130,90,38
108,158,38
130,88,38
110,169,38
130,39,38
110,165,38
169,110,38
130,41,38
110,162,38
130,43,38
110,155,38
130,45,38
110,50,38
110,38,38
130,81,38
110,29,38
130,84,38
107,159,38
110,172,38
133,82,38
107,155,38
107,89,38
136,73,38
107,85,38
107,83,38
136,89,38
107,82,38
136,63,38
136,102,38
107,78,38
136,126,38
107,73,38
107,70,38
136,172,38
107,53,38
136,120,38
107,94,38
136,62,38
136,47,38
124,170,38
169,36,38
107,147,38
107,146,38
107,133,38
133,149,38
107,129,38
107,128,38
133,183,38
107,126,38
134,93,38
134,176,38
107,106,38
136,6,38
107,157,38
138,35,38
113,8,38
130,14,38
123,82,38
123,73,38
123,72,38
123,57,38
126,89,38
123,37,38
123,107,38
126,90,38
126,93,38
126,102,38
121,64,38
121,40,38
120,136,38
120,126,38
123,12,38
126,82,38
126,62,38
123,153,38
169,78,38
124,158,38
124,151,38
124,177,38
126,6,38
124,113,38
124,108,38
126,16,38
124,103,38
126,47,38
124,98,38
124,25,38
126,61,38
124,8,38
126,118,38
130,17,38
126,120,38
119,126,38
127,101,38
115,171,38
115,134,38
115,90,38
115,62,38
115,50,38
127,80,38
128,5,38
130,2,38
113,124,38
130,10,38
113,103,38
113,100,38
113,98,38
115,6,38
127,43,38
115,174,38
126,176,38
118,176,38
118,134,38
118,130,38
118,126,38
126,134,38
118,102,38
118,90,38
118,61,38
118,47,38
126,136,38
118,39,38
126,148,38
126,159,38
126,172,38
120,90,38
107,51,38
107,153,38
102,90,38
102,6,38
105,107,38
103,98,38
101,127,38
147,51,38
107,50,38
101,80,38
105,128,38
105,147,38
169,165,38
105,151,38
105,153,38
105,161,38
105,181,38
101,4,38
100,113,38
106,29,38
169,155,38
103,177,38
151,161,38
151,95,38
153,51,38
147,107,38
151,158,38
151,177,38
103,8,38
105,57,38
105,51,38
102,176,38
105,73,38
169,162,38
169,172,38
147,37,38
151,153,38
102,126,38
147,82,38
102,99,38
153,1,38
105,23,38
105,82,38
105,5,38
104,55,38
105,94,38
105,37,38
100,98,38
105,69,38
146,94,38
107,6,38
151,103,38
146,128,38
146,34,38
146,107,38
107,38,38
103,124,38
103,151,38
146,82,38
146,73,38
151,23,38
146,63,38
107,21,38
146,51,38
153,126,38
151,31,38
103,108,38
107,34,38
151,8,38
103,113,38
144,34,38
146,181,38
107,49,38
98,177,38
106,107,38
107,5,38
153,105,38
98,124,38
98,170,38
146,133,38
153,107,38
146,5,38
107,4,38
103,170,38
151,124,38
151,33,38
126,134,39
4,82,39
165,162,39
4,107,39
33,8,39
155,162,39
34,21,39
33,23,39
33,92,39
33,151,39
34,63,39
126,136,39
33,158,39
34,38,39
33,161,39
34,30,39
34,73,39
9,48,39
126,93,39
34,107,39
1,70,39
1,68,39
126,47,39
126,16,39
1,39,39
155,165,39
153,107,39
162,169,39
1,15,39
38,82,39
126,6,39
0,152,39
38,107,39
124,177,39
183,153,39
38,133,39
0,9,39
38,162,39
1,75,39
126,61,39
126,62,39
153,82,39
126,120,39
4,51,39
151,161,39
34,133,39
151,177,39
34,144,39
126,118,39
34,146,39
34,181,39
151,158,39
126,107,39
36,78,39
153,38,39
183,107,39
126,90,39
126,89,39
1,107,39
183,133,39
1,82,39
126,83,39
126,102,39
126,176,39
30,13,39
151,33,39
179,80,39
179,49,39
16,85,39
183,21,39
169,36,39
16,126,39
133,85,39
8,98,39
16,83,39
133,53,39
17,84,39
17,88,39
133,21,39
17,172,39
130,182,39
8,33,39
130,179,39
19,83,39
20,13,39
133,38,39
147,74,39
8,113,39
16,19,39
181,51,39
181,82,39
9,91,39
9,20,39
146,34,39
9,152,39
9,13,39
181,147,39
133,149,39
13,9,39
8,170,39
8,151,39
134,126,39
133,183,39
14,130,39
15,1,39
8,124,39
133,162,39
9,0,39
130,157,39
21,34,39
130,43,39
130,41,39
130,39,39
6,115,39
147,181,39
130,17,39
6,102,39
130,14,39
148,30,39
6,126,39
148,119,39
31,151,39
148,129,39
183,82,39
31,161,39
5,128,39
151,8,39
32,21,39
128,37,39
151,23,39
130,10,39
130,45,39
147,107,39
130,61,39
21,133,39
183,38,39
130,118,39
23,33,39
23,51,39
23,94,39
130,90,39
23,151,39
23,158,39
130,88,39
23,161,39
7,53,39
25,98,39
25,113,39
130,84,39
147,82,39
130,81,39
6,176,39
151,98,39
39,14,39
98,113,39
107,147,39
83,107,39
107,73,39
84,10,39
107,53,39
84,43,39
107,51,39
107,49,39
107,38,39
158,177,39
84,82,39
107,37,39
107,34,39
158,170,39
84,157,39
176,116,39
107,21,39
85,16,39
176,93,39
85,49,39
176,62,39
176,49,39
85,133,39
176,39,39
107,6,39
85,159,39
107,4,39
107,1,39
176,120,39
83,19,39
107,78,39
107,82,39
107,157,39
78,127,39
80,4,39
107,153,39
80,10,39
80,36,39
107,148,39
169,78,39
80,78,39
107,133,39
80,101,39
107,129,39
80,127,39
89,82,39
80,179,39
82,1,39
107,123,39
107,119,39
107,110,39
82,89,39
82,107,39
82,123,39
107,105,39
82,126,39
107,89,39
107,85,39
107,83,39
107,126,39
157,84,39
89,93,39
89,118,39
103,98,39
172,92,39
92,155,39
103,95,39
92,172,39
103,23,39
158,124,39
172,38,39
94,37,39
94,146,39
95,8,39
172,37,39
158,108,39
95,98,39
95,100,39
101,36,39
171,115,39
95,124,39
95,170,39
98,151,39
98,8,39
98,23,39
98,33,39
170,158,39
98,103,39
98,124,39
92,50,39
92,38,39
103,108,39
92,33,39
89,120,39
90,41,39
174,115,39
90,47,39
90,61,39
158,161,39
90,62,39
90,89,39
174,50,39
169,162,39
90,93,39
90,102,39
89,102,39
90,118,39
90,120,39
90,126,39
169,165,39
90,130,39
103,170,39
90,136,39
158,23,39
158,151,39
103,158,39
90,176,39
91,9,39
92,12,39
78,80,39
120,49,39
78,36,39
57,69,39
57,74,39
116,176,39
116,159,39
116,126,39
116,118,39
116,47,39
162,50,39
63,6,39
116,39,39
162,38,39
157,10,39
63,34,39
162,30,39
116,10,39
107,159,39
41,36,39
115,174,39
63,73,39
63,124,39
63,136,39
115,171,39
63,146,39
68,172,39
115,6,39
177,151,39
41,127,39
162,92,39
53,7,39
124,98,39
124,8,39
162,155,39
123,107,39
43,84,39
123,82,39
124,103,39
41,90,39
123,37,39
49,97,39
41,80,39
123,12,39
49,107,39
121,148,39
50,6,39
162,133,39
120,176,39
41,78,39
50,155,39
50,162,39
120,93,39
50,172,39
162,110,39
177,161,39
124,113,39
113,170,39
69,57,39
157,43,39
113,124,39
108,151,39
74,69,39
108,124,39
74,73,39
108,113,39
74,94,39
74,105,39
108,103,39
74,123,39
108,98,39
39,130,39
74,128,39
74,147,39
39,118,39
74,153,39
108,33,39
74,161,39
74,181,39
108,25,39
124,158,39
108,23,39
108,8,39
107,183,39
107,181,39
74,51,39
108,158,39
74,57,39
108,161,39
157,45,39
113,98,39
70,172,39
113,8,39
162,165,39
72,57,39
73,12,39
73,34,39
73,37,39
73,51,39
74,37,39
169,110,39
73,57,39
73,82,39
74,5,39
108,170,39
73,181,39
108,177,39
73,161,39
41,101,39
73,147,39
73,128,39
73,107,39
110,107,39
183,153,40
183,162,40
170,103,40
170,158,40
170,124,40
170,98,40
183,32,40
170,25,40
169,36,40
179,36,40
177,98,40
179,80,40
177,8,40
179,136,40
181,146,40
181,153,40
183,30,40
169,155,40
183,38,40
183,53,40
170,177,40
169,165,40
177,170,40
183,90,40
170,8,40
183,107,40
169,78,40
25,170,40
113,8,40
25,124,40
75,1,40
14,130,40
113,98,40
14,90,40
113,103,40
72,178,40
14,41,40
113,124,40
72,107,40
113,170,40
116,49,40
118,39,40
72,53,40
118,61,40
118,62,40
118,90,40
13,30,40
119,129,40
121,64,40
68,172,40
110,165,40
110,162,40
110,155,40
14,159,40
107,147,40
107,153,40
80,179,40
107,157,40
107,159,40
80,127,40
107,172,40
80,101,40
107,181,40
107,183,40
80,78,40
68,39,40
108,25,40
108,98,40
80,36,40
15,39,40
14,172,40
78,41,40
78,36,40
108,113,40
108,124,40
108,158,40
25,108,40
15,68,40
107,133,40
68,1,40
124,8,40
126,82,40
126,85,40
126,89,40
126,90,40
53,133,40
126,93,40
126,102,40
126,107,40
126,118,40
126,129,40
126,130,40
126,134,40
126,136,40
9,20,40
126,157,40
126,159,40
126,179,40
127,78,40
129,126,40
130,14,40
53,107,40
130,39,40
130,41,40
126,62,40
126,61,40
126,47,40
126,6,40
13,9,40
63,136,40
63,124,40
124,63,40
9,152,40
124,98,40
63,34,40
62,159,40
124,103,40
9,91,40
64,121,40
62,82,40
55,48,40
9,55,40
54,49,40
9,48,40
124,170,40
53,183,40
95,100,40
125,64,40
125,85,40
126,1,40
124,113,40
130,89,40
82,1,40
107,126,40
98,170,40
98,177,40
16,149,40
21,133,40
100,25,40
100,98,40
25,8,40
16,93,40
103,23,40
16,84,40
16,83,40
103,98,40
25,98,40
16,82,40
16,32,40
90,183,40
16,19,40
103,170,40
103,177,40
16,6,40
90,130,40
90,126,40
92,110,40
98,161,40
92,155,40
95,108,40
95,113,40
17,157,40
95,124,40
95,98,40
95,25,40
20,0,40
95,170,40
20,9,40
17,88,40
98,8,40
90,41,40
98,23,40
93,159,40
98,103,40
98,108,40
98,113,40
93,82,40
92,165,40
98,124,40
17,75,40
92,162,40
20,55,40
98,151,40
98,25,40
82,51,40
105,51,40
85,159,40
107,4,40
107,6,40
83,19,40
107,34,40
107,37,40
83,16,40
107,38,40
107,51,40
82,159,40
107,53,40
107,58,40
107,72,40
107,78,40
107,82,40
82,153,40
107,83,40
82,133,40
107,89,40
82,126,40
82,107,40
107,123,40
83,51,40
107,1,40
106,43,40
105,183,40
105,82,40
85,157,40
85,133,40
105,85,40
85,126,40
85,125,40
85,89,40
105,94,40
85,82,40
85,53,40
90,14,40
85,51,40
85,37,40
85,32,40
85,21,40
85,1,40
105,153,40
105,157,40
84,157,40
105,159,40
84,82,40
84,16,40
85,40,40
130,90,40
125,40,40
6,159,40
130,126,40
158,108,40
36,127,40
36,82,40
36,80,40
158,170,40
6,157,40
36,78,40
159,1,40
37,34,40
36,41,40
34,172,40
159,51,40
34,146,40
34,144,40
159,82,40
34,133,40
159,105,40
34,107,40
159,107,40
34,82,40
159,14,40
159,126,40
37,38,40
157,159,40
155,162,40
37,172,40
155,165,40
37,107,40
37,105,40
155,169,40
157,1,40
157,2,40
157,17,40
157,43,40
157,183,40
37,82,40
157,84,40
37,69,40
157,85,40
157,88,40
37,57,40
157,105,40
37,51,40
157,107,40
157,126,40
157,153,40
157,82,40
34,63,40
159,133,40
159,157,40
1,157,40
1,107,40
162,165,40
1,82,40
30,13,40
1,68,40
162,172,40
162,183,40
25,158,40
1,39,40
32,16,40
1,15,40
28,183,40
165,92,40
0,48,40
28,34,40
165,110,40
165,155,40
0,20,40
28,32,40
0,9,40
165,162,40
0,152,40
32,28,40
162,155,40
32,38,40
34,51,40
161,94,40
6,126,40
34,38,40
6,78,40
6,1,40
34,37,40
4,181,40
4,82,40
34,28,40
162,21,40
34,21,40
162,30,40
162,38,40
33,158,40
162,50,40
162,53,40
32,133,40
162,85,40
162,92,40
32,64,40
2,50,40
162,133,40
155,92,40
153,183,40
95,103,40
146,63,40
133,53,40
43,84,40
133,51,40
135,90,40
135,102,40
39,75,40
41,90,40
50,75,40
133,38,40
39,68,40
138,35,40
142,55,40
39,15,40
144,34,40
144,63,40
133,64,40
146,34,40
41,36,40
133,82,40
133,149,40
133,125,40
41,14,40
8,124,40
133,121,40
133,183,40
134,126,40
133,107,40
8,113,40
134,127,40
133,85,40
40,121,40
39,130,40
135,9,40
39,118,40
135,41,40
146,82,40
133,159,40
53,72,40
153,51,40
41,78,40
41,130,40
152,48,40
130,172,40
133,16,40
152,20,40
133,21,40
146,107,40
152,9,40
152,0,40
38,107,40
133,32,40
153,82,40
153,107,40
8,170,40
153,181,40
146,181,40
134,36,40
147,4,40
8,98,40
147,107,40
147,181,40
39,1,40
9,0,40
133,34,40
50,172,40
53,82,40
172,107,41
90,179,41
33,151,41
43,84,41
43,10,41
177,151,41
33,158,41
92,17,41
92,50,41
32,85,41
25,98,41
92,75,41
38,37,41
92,165,41
43,159,41
95,98,41
95,25,41
28,32,41
172,37,41
28,34,41
95,8,41
28,83,41
28,133,41
93,134,41
93,90,41
172,38,41
50,75,41
93,89,41
177,170,41
172,50,41
30,13,41
48,9,41
43,157,41
90,159,41
62,82,41
90,130,41
34,133,41
84,159,41
84,157,41
84,88,41
34,158,41
83,19,41
83,16,41
25,124,41
82,159,41
177,103,41
38,172,41
38,169,41
38,133,41
39,75,41
75,39,41
38,110,41
38,107,41
82,107,41
75,50,41
82,51,41
77,7,41
37,85,41
80,179,41
38,50,41
80,127,41
80,4,41
80,101,41
37,107,41
80,82,41
82,133,41
90,136,41
85,21,41
85,40,41
90,126,41
90,118,41
90,93,41
90,89,41
90,88,41
90,84,41
90,62,41
90,54,41
90,49,41
90,47,41
90,43,41
174,134,41
90,41,41
90,39,41
34,107,41
90,15,41
34,37,41
80,36,41
90,2,41
90,1,41
89,90,41
85,159,41
41,4,41
85,149,41
34,38,41
85,125,41
34,51,41
40,125,41
85,82,41
39,118,41
90,14,41
177,158,41
105,61,41
105,179,41
126,90,41
130,14,41
133,4,41
133,21,41
133,34,41
133,37,41
133,38,41
133,51,41
133,82,41
133,83,41
133,85,41
133,105,41
133,107,41
133,149,41
133,183,41
9,0,41
134,36,41
183,133,41
8,170,41
134,75,41
134,93,41
162,165,41
134,101,41
8,113,41
9,20,41
1,159,41
9,48,41
124,113,41
108,113,41
165,69,41
165,50,41
108,124,41
108,158,41
110,165,41
95,100,41
14,130,41
113,25,41
113,98,41
113,103,41
113,124,41
13,30,41
118,39,41
123,12,41
123,37,41
123,107,41
123,159,41
124,23,41
124,25,41
9,152,41
124,98,41
162,183,41
124,103,41
9,55,41
183,21,41
8,103,41
134,174,41
158,161,41
158,177,41
159,1,41
159,14,41
159,49,41
159,54,41
159,62,41
159,82,41
159,89,41
159,105,41
159,106,41
159,123,41
159,126,41
159,157,41
161,7,41
6,82,41
183,83,41
161,158,41
4,41,41
162,21,41
162,92,41
162,30,41
162,38,41
162,50,41
158,151,41
158,108,41
135,19,41
135,41,41
135,183,41
138,35,41
162,155,41
8,98,41
151,103,41
151,108,41
151,158,41
151,161,41
151,170,41
14,159,41
151,177,41
153,107,41
153,183,41
155,162,41
162,133,41
155,165,41
7,161,41
157,2,41
157,43,41
157,84,41
157,88,41
157,105,41
158,34,41
153,90,41
162,53,41
108,98,41
103,124,41
103,151,41
103,177,41
105,0,41
105,1,41
105,2,41
105,4,41
105,6,41
105,15,41
105,16,41
105,19,41
105,20,41
105,21,41
105,30,41
105,32,41
105,34,41
105,35,41
105,37,41
105,38,41
105,39,41
105,40,41
105,43,41
105,47,41
105,48,41
105,49,41
103,113,41
179,80,41
165,92,41
103,98,41
95,113,41
165,162,41
95,124,41
17,92,41
0,9,41
17,88,41
95,170,41
97,75,41
98,8,41
98,25,41
98,95,41
98,103,41
105,51,41
165,155,41
98,113,41
170,177,41
17,75,41
170,158,41
98,124,41
183,153,41
170,103,41
16,93,41
101,134,41
170,8,41
16,83,41
98,108,41
108,103,41
105,54,41
105,62,41
107,6,41
107,21,41
107,34,41
107,37,41
107,38,41
107,51,41
107,82,41
107,83,41
107,85,41
107,89,41
107,105,41
107,110,41
107,125,41
107,126,41
107,129,41
107,133,41
107,153,41
107,157,41
107,159,41
107,169,41
107,172,41
107,183,41
108,8,41
108,25,41
107,1,41
105,55,41
169,155,41
105,169,41
105,64,41
105,80,41
105,82,41
105,83,41
105,84,41
105,85,41
105,88,41
105,89,41
105,93,41
105,101,41
105,172,41
105,106,41
105,110,41
105,118,41
105,125,41
105,126,41
105,127,41
105,129,41
105,133,41
105,136,41
105,149,41
105,152,41
105,157,41
105,159,41
105,107,41
162,85,41
0,104,42
17,151,42
8,95,42
8,98,42
8,103,42
8,124,42
8,170,42
9,104,42
25,108,42
25,103,42
25,98,42
25,8,42
17,75,42
17,88,42
17,92,42
25,124,42
25,113,42
103,177,42
124,113,42
124,108,42
124,103,42
124,98,42
124,95,42
124,25,42
124,8,42
25,158,42
113,124,42
113,103,42
113,98,42
113,95,42
113,8,42
108,158,42
108,103,42
108,98,42
108,25,42
124,158,42
124,170,42
126,148,42
130,126,42
165,155,42
162,165,42
162,155,42
161,158,42
161,124,42
161,113,42
161,108,42
161,103,42
161,95,42
103,158,42
158,170,42
158,95,42
155,165,42
155,162,42
151,158,42
148,126,42
142,104,42
134,75,42
134,36,42
130,148,42
158,98,42
103,151,42
103,113,42
95,161,42
95,158,42
92,75,42
95,113,42
95,103,42
36,134,42
75,17,42
103,124,42
177,98,42
75,92,42
95,98,42
75,134,42
95,8,42
92,155,42
92,17,42
95,170,42
98,103,42
95,124,42
170,103,42
98,113,42
170,158,42
103,98,42
33,158,42
103,95,42
103,25,42
170,8,42
170,25,42
98,177,42
98,124,42
98,158,42
170,98,42
75,17,43
92,17,43
9,104,43
17,134,43
17,92,43
162,17,44
162,155,44
75,17,44
162,165,44
165,12,44
165,155,44
165,92,44
162,92,44
165,17,44
134,126,44
17,75,44
134,17,44
92,17,44
134,61,44
134,93,44
134,47,44
134,101,44
134,148,44
134,136,44
134,127,44
165,162,44
134,102,44
162,165,45
17,95,45
162,17,45
17,155,45
165,17,45
165,92,45
95,17,45
165,162,45
165,155,45
162,155,45
165,12,45
